RequestTime, Features, ErrorCode
18897,12,0
18462,12,0
18125,12,0
19516,12,0
13391,12,0
15796,12,0
15826,12,0
18273,12,0
13221,12,0
13978,12,0
45114,12,0
13541,12,0
16248,12,0
19712,12,0
20743,12,0
15735,12,0
10449,12,0
21189,12,0
13103,12,0
18307,12,0
42006,12,0
15630,12,0
18865,12,0
15638,12,0
18297,12,0
14617,12,0
19487,12,0
11697,12,0
29445,12,0
19487,12,0
21969,12,0
32593,12,0
18919,12,0
12632,12,0
16335,12,0
18832,12,0
41909,12,0
14767,12,0
19166,12,0
18304,12,0
12673,12,0
12505,12,0
29502,12,0
19238,12,0
14759,12,0
19112,12,0
13741,12,0
18284,12,0
18282,12,0
15284,12,0
10613,12,0
20008,12,0
12431,12,0
13886,12,0
14656,12,0
12538,12,0
15595,12,0
13737,12,0
41624,12,0
15077,12,0
13180,12,0
10908,12,0
19711,12,0
17682,12,0
13067,12,0
21694,12,0
16150,12,0
14606,12,0
14301,12,0
16251,12,0
14867,12,0
16233,12,0
18870,12,0
18144,12,0
13191,12,0
18315,12,0
19706,12,0
19198,12,0
12440,12,0
19716,12,0
16287,12,0
12669,12,0
13280,12,0
15451,12,0
18879,12,0
19511,12,0
19489,12,0
19979,12,0
18912,12,0
16320,12,0
12733,12,0
13247,12,0
15108,12,0
11526,12,0
16311,12,0
15200,12,0
18291,12,0
19727,12,0
18057,12,0
15302,12,0
13249,12,0
10350,12,0
19814,12,0
13553,12,0
12300,12,0
20022,12,0
12657,12,0
12544,12,0
14769,12,0
18504,12,0
18555,12,0
13583,12,0
20899,12,0
10192,12,0
42228,12,0
12635,12,0
16801,12,0
18217,12,0
12906,12,0
15441,12,0
15298,12,0
18432,12,0
45091,12,0
21184,12,0
15050,12,0
45015,12,0
16734,12,0
10620,12,0
13029,12,0
18885,12,0
15679,12,0
19704,12,0
16210,12,0
19457,12,0
32637,12,0
12400,12,0
45033,12,0
14717,12,0
19148,12,0
18353,12,0
15748,12,0
13103,12,0
19122,12,0
19242,12,0
12639,12,0
12715,12,0
17019,12,0
13390,12,0
16193,12,0
13721,12,0
10902,12,0
14882,12,0
16910,12,0
12286,12,0
12732,12,0
18598,12,0
12297,12,0
13269,12,0
13189,12,0
18323,12,0
11554,12,0
12499,12,0
11748,12,0
14367,12,0
14294,12,0
18364,12,0
41951,12,0
44874,12,0
18350,12,0
13089,12,0
12669,12,0
15869,12,0
12449,12,0
16407,12,0
15262,12,0
18531,12,0
13477,12,0
45152,12,0
18229,12,0
13990,12,0
19150,12,0
19126,12,0
12720,12,0
14759,12,0
12919,12,0
32622,12,0
12277,12,0
18775,12,0
12633,12,0
13055,12,0
19510,12,0
13541,12,0
19003,12,0
17170,12,0
18230,12,0
12499,12,0
18185,12,0
20841,12,0
11916,12,0
19423,12,0
18276,12,0
19241,12,0
13059,12,0
13036,12,0
29470,12,0
18109,12,0
16788,12,0
13369,12,0
13775,12,0
13140,12,0
14660,12,0
15586,12,0
44876,12,0
18559,12,0
12634,12,0
18234,12,0
20036,12,0
18481,12,0
18280,12,0
13361,12,0
19504,12,0
19703,12,0
18878,12,0
12438,12,0
14530,12,0
18914,12,0
18576,12,0
14739,12,0
19337,12,0
44787,12,0
19919,12,0
19694,12,0
41969,12,0
19552,12,0
32631,12,0
21960,12,0
21201,12,0
45150,12,0
21159,12,0
14421,12,0
18336,12,0
18307,12,0
19467,12,0
18885,12,0
14842,12,0
21028,12,0
18320,12,0
18307,12,0
18899,12,0
18512,12,0
18101,12,0
19709,12,0
18813,12,0
12894,12,0
14569,12,0
19197,12,0
11796,12,0
18883,12,0
19397,12,0
12558,12,0
10591,12,0
19446,12,0
18314,12,0
18344,12,0
13422,12,0
10495,12,0
15275,12,0
29500,12,0
45014,12,0
19969,12,0
29471,12,0
41275,12,0
18892,12,0
16906,12,0
15256,12,0
19245,12,0
18051,12,0
12564,12,0
19185,12,0
18812,12,0
18926,12,0
14694,12,0
12937,12,0
14023,12,0
19259,12,0
19166,12,0
44910,12,0
13389,12,0
18068,12,0
13077,12,0
12442,12,0
19472,12,0
12537,12,0
15108,12,0
13119,12,0
44794,12,0
41864,12,0
14400,12,0
44899,12,0
16208,12,0
12731,12,0
19210,12,0
41350,12,0
21965,12,0
18295,12,0
18554,12,0
42137,12,0
15291,12,0
13390,12,0
15655,12,0
14646,12,0
13514,12,0
12629,12,0
15735,12,0
19736,12,0
19968,12,0
13726,12,0
11672,12,0
17113,12,0
19644,12,0
16332,12,0
17119,12,0
41986,12,0
19691,12,0
14631,12,0
11847,12,0
19619,12,0
13517,12,0
20031,12,0
18853,12,0
18990,12,0
32615,12,0
13972,12,0
13818,12,0
14721,12,0
13302,12,0
14682,12,0
14418,12,0
15498,12,0
18888,12,0
13540,12,0
14010,12,0
19794,12,0
18586,12,0
15862,12,0
18275,12,0
13473,12,0
13509,12,0
17226,12,0
18887,12,0
19233,12,0
19716,12,0
16172,12,0
19919,12,0
18897,12,0
19217,12,0
13749,12,0
19155,12,0
21124,12,0
45083,12,0
45018,12,0
14543,12,0
12564,12,0
16789,12,0
13762,12,0
10509,12,0
19882,12,0
18819,12,0
19838,12,0
15454,12,0
14874,12,0
19517,12,0
13030,12,0
18293,12,0
21213,12,0
13249,12,0
19963,12,0
18274,12,0
15832,12,0
13140,12,0
16794,12,0
19661,12,0
13104,12,0
18886,12,0
13848,12,0
41350,12,0
18821,12,0
15559,12,0
15819,12,0
12727,12,0
13371,12,0
10450,12,0
18095,12,0
15850,12,0
19205,12,0
12370,12,0
18371,12,0
14638,12,0
18285,12,0
20976,12,0
13339,12,0
42041,12,0
21006,12,0
13436,12,0
32618,12,0
14009,12,0
12273,12,0
19676,12,0
18912,12,0
13385,12,0
16160,12,0
10626,12,0
19500,12,0
12498,12,0
12428,12,0
45066,12,0
19898,12,0
15697,12,0
11767,12,0
19934,12,0
18884,12,0
14617,12,0
14823,12,0
18851,12,0
19711,12,0
19261,12,0
16256,12,0
44988,12,0
12667,12,0
13849,12,0
13301,12,0
19995,12,0
12733,12,0
13364,12,0
12728,12,0
13421,12,0
14713,12,0
19073,12,0
19286,12,0
15499,12,0
15847,12,0
18878,12,0
18878,12,0
13105,12,0
18279,12,0
18911,12,0
19170,12,0
18175,12,0
15244,12,0
14389,12,0
12696,12,0
14376,12,0
15881,12,0
14383,12,0
19484,12,0
14386,12,0
16336,12,0
13338,12,0
12810,12,0
18876,12,0
13314,12,0
15587,12,0
19711,12,0
15532,12,0
18842,12,0
13105,12,0
18312,12,0
14450,12,0
45043,12,0
10457,12,0
18075,12,0
13630,12,0
16797,12,0
12476,12,0
13273,12,0
11766,12,0
14562,12,0
19750,12,0
15692,12,0
16900,12,0
12550,12,0
16321,12,0
14881,12,0
19746,12,0
19353,12,0
16613,12,0
18226,12,0
21163,12,0
16253,12,0
12138,12,0
11861,12,0
12992,12,0
18313,12,0
15791,12,0
18869,12,0
12893,12,0
18242,12,0
14583,12,0
19737,12,0
16745,12,0
10156,12,0
18230,12,0
18867,12,0
18988,12,0
14614,12,0
16770,12,0
18634,12,0
12965,12,0
21291,12,0
12507,12,0
12635,12,0
14639,12,0
15838,12,0
20908,12,0
15364,12,0
19810,12,0
12142,12,0
13145,12,0
18500,12,0
21289,12,0
14707,12,0
16331,12,0
13402,12,0
16306,12,0
15479,12,0
20919,12,0
14642,12,0
11829,12,0
18845,12,0
18282,12,0
18873,12,0
42324,12,0
15671,12,0
16284,12,0
15625,12,0
13388,12,0
32589,12,0
14861,12,0
19070,12,0
18880,12,0
13217,12,0
18853,12,0
18289,12,0
13541,12,0
12279,12,0
15597,12,0
13616,12,0
12294,12,0
13393,12,0
10339,12,0
15114,12,0
18112,12,0
16889,12,0
19453,12,0
12311,12,0
16770,12,0
18084,12,0
16992,12,0
13138,12,0
19340,12,0
19523,12,0
16220,12,0
11899,12,0
20599,12,0
15859,12,0
16176,12,0
16129,12,0
14652,12,0
12722,12,0
19458,12,0
13002,12,0
18275,12,0
19514,12,0
19294,12,0
19263,12,0
17104,12,0
13453,12,0
18885,12,0
13093,12,0
13475,12,0
14828,12,0
19278,12,0
14760,12,0
42342,12,0
13091,12,0
11929,12,0
19716,12,0
14351,12,0
19490,12,0
15624,12,0
13519,12,0
15842,12,0
18269,12,0
44787,12,0
19467,12,0
18083,12,0
10398,12,0
18262,12,0
13211,12,0
41591,12,0
14593,12,0
19226,12,0
14503,12,0
20599,12,0
19725,12,0
14425,12,0
16540,12,0
12297,12,0
44915,12,0
19149,12,0
18779,12,0
18294,12,0
20729,12,0
16792,12,0
21009,12,0
45176,12,0
16315,12,0
16915,12,0
19747,12,0
19182,12,0
14626,12,0
10387,12,0
13053,12,0
18869,12,0
13258,12,0
16319,12,0
15862,12,0
18300,12,0
45153,12,0
15852,12,0
14901,12,0
21155,12,0
19727,12,0
18313,12,0
41266,12,0
18268,12,0
19192,12,0
13547,12,0
12724,12,0
13685,12,0
18300,12,0
16202,12,0
21215,12,0
20759,12,0
16315,12,0
18257,12,0
12473,12,0
15563,12,0
44869,12,0
18204,12,0
20791,12,0
18254,12,0
14863,12,0
19471,12,0
13539,12,0
14759,12,0
19275,12,0
13917,12,0
15818,12,0
18150,12,0
14386,12,0
18867,12,0
10495,12,0
10791,12,0
15841,12,0
16609,12,0
13383,12,0
20736,12,0
13400,12,0
13241,12,0
19319,12,0
45052,12,0
44920,12,0
12732,12,0
18592,12,0
12362,12,0
20759,12,0
29465,12,0
41563,12,0
14619,12,0
14732,12,0
20722,12,0
13071,12,0
12445,12,0
18321,12,0
13164,12,0
18292,12,0
19206,12,0
14753,12,0
18563,12,0
19356,12,0
18902,12,0
15825,12,0
13550,12,0
11847,12,0
14744,12,0
19114,12,0
19462,12,0
14863,12,0
15296,12,0
14783,12,0
18068,12,0
12775,12,0
13209,12,0
13269,12,0
32593,12,0
11879,12,0
15621,12,0
10587,12,0
12666,12,0
13994,12,0
18286,12,0
15566,12,0
14658,12,0
11855,12,0
12843,12,0
14753,12,0
13470,12,0
21192,12,0
16116,12,0
13254,12,0
12636,12,0
14598,12,0
18311,12,0
14594,12,0
11692,12,0
12784,12,0
19293,12,0
14773,12,0
19442,12,0
15828,12,0
14756,12,0
19179,12,0
18384,12,0
15289,12,0
41786,12,0
19706,12,0
39849,12,0
21016,12,0
19806,12,0
15808,12,0
14552,12,0
41652,12,0
10479,12,0
13371,12,0
15218,12,0
18619,12,0
19340,12,0
42054,12,0
13484,12,0
16795,12,0
19994,12,0
19156,12,0
15697,12,0
19711,12,0
12564,12,0
12477,12,0
18450,12,0
44802,12,0
13419,12,0
18929,12,0
13825,12,0
13252,12,0
13483,12,0
3704,12,0
19671,12,0
13246,12,0
16741,12,0
14703,12,0
14696,12,0
19671,12,0
13383,12,0
20748,12,0
19337,12,0
19166,12,0
12531,12,0
19717,12,0
13227,12,0
12218,12,0
41625,12,0
15925,12,0
14696,12,0
11823,12,0
45113,12,0
19427,12,0
14711,12,0
42068,12,0
15355,12,0
10141,12,0
14367,12,0
11723,12,0
10931,12,0
21223,12,0
13095,12,0
18354,12,0
16047,12,0
12698,12,0
18306,12,0
15417,12,0
18275,12,0
15938,12,0
9190,12,0
9449,12,0
9481,12,0
9182,12,0
9298,12,0
8916,12,0
9592,12,0
9142,12,0
9153,12,0
10127,12,0
9349,12,0
9446,12,0
9117,12,0
9348,12,0
9293,12,0
9623,12,0
10592,12,0
10653,12,0
9798,12,0
9153,12,0
10303,12,0
9107,12,0
10280,12,0
10071,12,0
8819,12,0
9493,12,0
9947,12,0
9945,12,0
9557,12,0
9909,12,0
9909,12,0
9376,12,0
9376,12,0
9829,12,0
8186,12,0
9828,12,0
8409,12,0
9829,12,0
8183,12,0
9373,12,0
9758,12,0
9758,12,0
9761,12,0
9543,12,0
9546,12,0
9521,12,0
10366,12,0
9407,12,0
10853,12,0
10366,12,0
9351,12,0
10428,12,0
10560,12,0
10286,12,0
10494,12,0
10593,12,0
10531,12,0
9173,12,0
10359,12,0
10422,12,0
9211,12,0
10493,12,0
10626,12,0
9227,12,0
10455,12,0
28581,12,0
28767,12,0
10482,12,0
9156,12,0
10554,12,0
9267,12,0
28510,12,0
9058,12,0
9154,12,0
32237,12,0
9152,12,0
31445,12,0
10413,12,0
23567,12,0
10597,12,0
10376,12,0
28394,12,0
8985,12,0
23459,12,0
31350,12,0
9398,12,0
31342,12,0
9251,12,0
31331,12,0
10483,12,0
9351,12,0
9538,12,0
28390,12,0
31329,12,0
10478,12,0
8956,12,0
9092,12,0
31282,12,0
31279,12,0
28326,12,0
31270,12,0
31274,12,0
9267,12,0
31269,12,0
28318,12,0
9344,12,0
31268,12,0
31268,12,0
9172,12,0
31195,12,0
28352,12,0
28216,12,0
31147,12,0
9120,12,0
31100,12,0
31075,12,0
10177,12,0
32224,12,0
31036,12,0
10948,12,0
10655,12,0
8858,12,0
11115,12,0
10577,12,0
10577,12,0
11116,12,0
11116,12,0
8840,12,0
10568,12,0
11106,12,0
10843,12,0
10537,12,0
29235,12,0
10830,12,0
10792,12,0
11034,12,0
10493,12,0
11033,12,0
11031,12,0
8835,12,0
10480,12,0
29476,12,0
32010,12,0
9100,12,0
32124,12,0
9096,12,0
9100,12,0
10753,12,0
31982,12,0
31938,12,0
29311,12,0
31940,12,0
31939,12,0
29306,12,0
31938,12,0
32045,12,0
8920,12,0
31989,12,0
8999,12,0
31971,12,0
16033,12,0
8974,12,0
16011,12,0
31888,12,0
31996,12,0
10877,12,0
31907,12,0
31875,12,0
31907,12,0
29183,12,0
15952,12,0
8894,12,0
29180,12,0
31810,12,0
31866,12,0
31801,12,0
29377,12,0
31805,12,0
15943,12,0
31803,12,0
31881,12,0
31786,12,0
31895,12,0
8861,12,0
31889,12,0
14349,12,0
31925,12,0
29124,12,0
29295,12,0
31816,12,0
31908,12,0
31833,12,0
29264,12,0
31796,12,0
31775,12,0
13069,12,0
31768,12,0
31736,12,0
31768,12,0
8744,12,0
31750,12,0
31719,12,0
31736,12,0
31752,12,0
31819,12,0
31736,12,0
8664,12,0
13062,12,0
31744,12,0
31727,12,0
29173,12,0
31667,12,0
15668,12,0
31535,12,0
8609,12,0
15657,12,0
15634,12,0
15587,12,0
15606,12,0
15607,12,0
28855,12,0
8481,12,0
31447,12,0
31417,12,0
28753,12,0
15421,12,0
31322,12,0
15400,12,0
31384,12,0
26293,12,0
10304,12,0
15368,12,0
28552,12,0
9907,12,0
30928,12,0
9908,12,0
30988,12,0
9907,12,0
15059,12,0
10042,12,0
28449,12,0
28149,12,0
28417,12,0
9902,12,0
30932,12,0
30934,12,0
30886,12,0
30819,12,0
14863,12,0
28279,12,0
28295,12,0
28273,12,0
9795,12,0
30740,12,0
28237,12,0
30691,12,0
30677,12,0
28204,12,0
30753,12,0
9756,12,0
28233,12,0
14816,12,0
14776,12,0
14778,12,0
28161,12,0
30632,12,0
14774,12,0
30633,12,0
28176,12,0
9661,12,0
9758,12,0
9728,12,0
28107,12,0
9723,12,0
30653,12,0
14737,12,0
28071,12,0
30585,12,0
68872,0,2
44791,12,0
30617,12,0
33988,12,0
14828,12,0
30602,12,0
30611,12,0
44782,12,0
14821,12,0
9563,12,0
32635,12,0
14819,12,0
9660,12,0
9659,12,0
30607,12,0
44990,12,0
30594,12,0
29199,12,0
29194,12,0
29197,12,0
29154,12,0
9738,12,0
29156,12,0
14262,12,0
29915,12,0
29137,12,0
27474,12,0
14263,12,0
26452,12,0
26331,12,0
12241,12,0
26139,12,0
30011,12,0
29669,12,0
26180,12,0
68322,0,2
68323,0,2
68302,0,2
30103,12,0
68302,0,2
9126,12,0
68297,0,2
68304,0,2
9122,12,0
68296,0,2
9122,12,0
14078,12,0
68167,0,2
68156,0,2
8983,12,0
68153,0,2
68156,0,2
68096,0,2
8924,12,0
68149,0,2
9017,12,0
8837,12,0
29723,12,0
8839,12,0
68012,0,2
11746,12,0
29783,12,0
27322,12,0
13547,12,0
29728,12,0
13540,12,0
29725,12,0
27237,12,0
13428,12,0
33035,12,0
8886,12,0
29649,12,0
13384,12,0
29602,12,0
29613,12,0
8823,12,0
32989,12,0
32968,12,0
43900,12,0
8763,12,0
43712,12,0
32888,12,0
11431,12,0
28936,12,0
8657,12,0
43685,12,0
30418,12,0
43682,12,0
25192,12,0
8728,12,0
43634,12,0
28908,12,0
28907,12,0
8709,12,0
28101,12,0
28876,12,0
28099,12,0
28880,12,0
13270,12,0
13061,12,0
8301,12,0
26161,12,0
25042,12,0
13223,12,0
11061,12,0
67369,0,2
12934,12,0
13187,12,0
67343,0,2
67345,0,2
67341,0,2
67347,0,2
67333,0,2
67344,0,2
67279,0,2
67277,0,2
67278,0,2
67275,0,2
67288,0,2
8196,12,0
67272,0,2
67270,0,2
67278,0,2
67278,0,2
67271,0,2
67276,0,2
8190,12,0
67276,0,2
67274,0,2
67169,0,2
28748,12,0
28761,12,0
28747,12,0
7830,12,0
10565,12,0
12613,12,0
12797,12,0
28583,12,0
12796,12,0
7806,12,0
10503,12,0
28522,12,0
10543,12,0
28611,12,0
7805,12,0
27890,12,0
7612,12,0
12680,12,0
12680,12,0
30492,12,0
26978,12,0
27730,12,0
24125,12,0
27633,12,0
12195,12,0
7408,12,0
24082,12,0
27103,12,0
7660,12,0
14107,12,0
14213,12,0
7660,12,0
14212,12,0
14482,12,0
7637,12,0
14480,12,0
14283,12,0
14193,12,0
7596,12,0
16933,12,0
7592,12,0
16931,12,0
7595,12,0
7591,12,0
16894,12,0
26499,12,0
10764,12,0
16958,12,0
13602,12,0
16893,12,0
7558,12,0
16827,12,0
16891,12,0
10763,12,0
26775,12,0
17060,12,0
16823,12,0
7554,12,0
7483,12,0
16887,12,0
16820,12,0
17056,12,0
27975,12,0
7484,12,0
7552,12,0
16820,12,0
26491,12,0
16820,12,0
27886,12,0
7524,12,0
16882,12,0
13591,12,0
13681,12,0
28027,12,0
16944,12,0
26485,12,0
27878,12,0
26677,12,0
13677,12,0
27877,0,2
27877,12,0
13676,12,0
27874,12,0
7473,12,0
13677,12,0
27879,12,0
27876,12,0
13655,12,0
13576,12,0
26585,12,0
7489,12,0
27846,12,0
13684,12,0
26452,12,0
27844,12,0
7442,12,0
7419,12,0
27793,12,0
27770,12,0
13568,12,0
7363,12,0
10635,12,0
7268,12,0
26471,12,0
7260,12,0
27661,12,0
26446,12,0
27640,0,2
27825,12,0
13429,12,0
27699,12,0
26376,12,0
26285,12,0
13317,12,0
13445,12,0
13303,12,0
13429,12,0
27569,12,0
26214,12,0
7848,12,0
27447,12,0
25966,12,0
25961,12,0
7812,12,0
26024,12,0
26202,12,0
7782,12,0
27490,12,0
16675,12,0
26296,12,0
7778,12,0
27408,12,0
7883,12,0
26199,12,0
7769,12,0
7772,12,0
26173,12,0
27313,12,0
7738,12,0
7821,12,0
27522,12,0
7819,12,0
26253,12,0
26253,12,0
27479,12,0
7892,12,0
7751,12,0
27297,12,0
7746,12,0
27445,12,0
27435,12,0
7710,12,0
27500,12,0
26233,12,0
27374,12,0
7871,12,0
17210,12,0
7840,12,0
17205,12,0
27360,12,0
27473,12,0
12777,12,0
26277,12,0
12585,12,0
27367,12,0
7764,12,0
27408,12,0
26099,12,0
9451,12,0
21302,12,0
21304,12,0
21304,12,0
9317,12,0
21292,12,0
27456,12,0
9382,12,0
9317,12,0
22010,12,0
21954,12,0
9268,12,0
9279,12,0
21270,12,0
27385,12,0
21287,12,0
9324,12,0
9333,12,0
21269,12,0
9647,12,0
9379,12,0
9753,12,0
26161,12,0
9802,12,0
27358,12,0
9722,12,0
26131,12,0
26095,12,0
26092,12,0
27366,12,0
9224,12,0
9749,12,0
9763,12,0
21919,12,0
21861,12,0
26104,12,0
9233,12,0
15697,12,0
9645,12,0
9606,12,0
21745,12,0
9173,12,0
27240,12,0
27308,12,0
9440,12,0
27234,12,0
15639,12,0
25922,12,0
25920,12,0
9187,12,0
15527,12,0
27192,12,0
9551,12,0
27341,12,0
9577,12,0
9456,12,0
27108,12,0
15500,12,0
9370,12,0
25931,12,0
21580,12,0
9554,12,0
25907,12,0
9472,12,0
25907,12,0
27314,12,0
9533,12,0
14556,12,0
25896,12,0
27200,12,0
14552,12,0
9539,12,0
27120,12,0
21664,12,0
9471,12,0
25840,12,0
21478,12,0
21456,12,0
15378,12,0
9406,12,0
25738,12,0
21523,12,0
25718,12,0
9362,12,0
11885,12,0
11881,12,0
21388,12,0
25708,12,0
21386,12,0
11876,12,0
11877,12,0
11875,12,0
27002,12,0
25723,12,0
15519,12,0
25704,12,0
11874,12,0
15517,12,0
25697,12,0
27138,12,0
11852,12,0
21347,12,0
15254,12,0
11852,12,0
11840,12,0
11845,12,0
21328,12,0
21411,12,0
15237,12,0
25793,12,0
21464,12,0
21316,12,0
21353,12,0
11784,12,0
25738,12,0
25707,12,0
11749,12,0
11748,12,0
11734,12,0
15055,12,0
21280,12,0
11774,12,0
25590,12,0
11635,12,0
15033,12,0
11634,12,0
26901,12,0
11552,12,0
26735,12,0
21026,12,0
26734,12,0
11623,12,0
25503,12,0
26815,12,0
15189,12,0
15190,12,0
25505,12,0
15188,12,0
15187,12,0
25391,12,0
26863,12,0
11463,12,0
14965,12,0
26533,12,0
14804,12,0
14611,12,0
14374,12,0
26288,12,0
14215,12,0
26080,12,0
14491,12,0
26144,12,0
24771,12,0
10921,12,0
14886,12,0
14363,12,0
24678,12,0
14388,12,0
25860,12,0
25829,12,0
13958,12,0
14226,12,0
14629,12,0
13960,12,0
24514,12,0
19891,12,0
14367,12,0
45713,12,0
13760,12,0
24317,12,0
10537,12,0
25686,12,0
25620,12,0
25684,12,0
13757,12,0
45699,12,0
25684,12,0
13756,12,0
14033,12,0
45675,12,0
14660,12,0
45613,12,0
25622,12,0
45618,12,0
13922,12,0
13688,12,0
14561,12,0
45320,12,0
13653,12,0
13715,12,0
10118,12,0
45260,12,0
13338,12,0
45248,12,0
45223,12,0
45250,12,0
13935,12,0
10088,12,0
45250,12,0
45242,12,0
45220,12,0
13304,12,0
13305,12,0
13580,12,0
13861,12,0
45233,12,0
45205,12,0
25211,12,0
10063,12,0
14306,12,0
14305,12,0
25259,12,0
49845,12,0
13445,12,0
13169,12,0
19297,12,0
19296,12,0
19294,12,0
13914,12,0
19236,12,0
49165,12,0
11360,12,0
49609,12,0
49145,12,0
11334,12,0
11309,12,0
19151,12,0
11264,12,0
49459,12,0
49397,12,0
49398,12,0
11067,12,0
11068,12,0
49390,12,0
11046,12,0
11066,12,0
49393,12,0
11042,12,0
49258,12,0
49369,12,0
10976,12,0
48564,12,0
49016,12,0
49016,12,0
48949,12,0
13496,12,0
10555,12,0
48816,12,0
48813,12,0
48746,12,0
13297,12,0
10420,12,0
10383,12,0
36670,12,0
19540,12,0
48648,12,0
13126,12,0
13125,12,0
13171,12,0
18842,12,0
36489,12,0
13168,12,0
10200,12,0
12577,12,0
19486,12,0
9701,12,0
20251,12,0
19485,12,0
9699,12,0
27757,12,0
20111,12,0
20075,12,0
12289,12,0
12288,12,0
20077,12,0
12105,12,0
19830,12,0
12040,12,0
19831,12,0
19831,12,0
12040,12,0
19824,12,0
12037,12,0
19727,12,0
19732,12,0
12030,12,0
11995,12,0
11544,12,0
12040,12,0
19694,12,0
11944,12,0
11972,12,0
11953,12,0
19597,12,0
11992,12,0
11806,12,0
19597,12,0
19597,12,0
11862,12,0
26459,12,0
19597,12,0
11939,12,0
11804,12,0
19594,12,0
26996,12,0
11987,12,0
11847,12,0
26952,12,0
9034,12,0
11803,12,0
19502,12,0
26894,12,0
10376,12,0
10377,12,0
26781,12,0
10377,12,0
26765,12,0
26794,12,0
10377,12,0
10372,12,0
26812,12,0
25614,12,0
25605,12,0
25862,12,0
9191,12,0
9186,12,0
25784,12,0
25096,12,0
9185,12,0
9188,12,0
25607,12,0
25684,12,0
25096,12,0
9185,12,0
9185,12,0
25093,12,0
25901,12,0
9140,12,0
9119,12,0
9116,12,0
9120,12,0
24774,12,0
24951,12,0
8469,12,0
8470,12,0
8466,12,0
24902,12,0
24764,12,0
8437,12,0
24235,12,0
8434,12,0
8435,12,0
24234,12,0
8386,12,0
24182,12,0
24978,12,0
8327,12,0
8324,12,0
24693,12,0
8309,12,0
9018,12,0
16729,12,0
24121,12,0
8641,12,0
24313,12,0
8563,12,0
24311,12,0
8202,12,0
31283,12,0
7352,12,0
7494,12,0
7650,12,0
15504,12,0
7500,12,0
15494,12,0
7483,12,0
22351,12,0
15470,12,0
7650,12,0
7476,12,0
15368,12,0
30847,12,0
15328,12,0
30888,12,0
30717,12,0
7202,12,0
30789,12,0
7255,12,0
7163,12,0
7162,12,0
7956,12,0
30512,12,0
7948,12,0
7944,12,0
30585,12,0
30584,12,0
30583,12,0
7841,12,0
7859,12,0
7857,12,0
30698,12,0
30629,12,0
7927,12,0
7926,12,0
30551,12,0
7782,12,0
30504,12,0
30504,12,0
7850,12,0
9875,12,0
7732,12,0
10701,12,0
15036,12,0
30371,12,0
7649,12,0
7705,12,0
7649,12,0
14860,12,0
7608,12,0
15385,12,0
30272,12,0
15405,12,0
9674,12,0
7602,12,0
30368,12,0
14820,12,0
7693,12,0
7601,12,0
10495,12,0
16296,12,0
16363,12,0
7609,12,0
9624,12,0
16263,12,0
7605,12,0
7605,12,0
16224,12,0
16223,12,0
7565,12,0
16180,12,0
16142,12,0
10387,12,0
7517,12,0
25871,12,0
16191,12,0
22061,12,0
25825,12,0
7502,12,0
10331,12,0
16189,12,0
9475,12,0
14167,12,0
5502,12,0
14190,12,0
7477,12,0
23833,12,0
14230,12,0
5558,12,0
8329,12,0
5497,12,0
14213,12,0
14208,12,0
5579,12,0
14226,12,0
23839,12,0
23825,12,0
5535,12,0
8325,12,0
8297,12,0
5461,12,0
23699,12,0
8217,12,0
23690,12,0
7387,12,0
23627,12,0
8181,12,0
8182,12,0
9291,12,0
6106,12,0
23497,12,0
6214,12,0
23535,12,0
6105,12,0
23468,12,0
6715,12,0
13566,12,0
6016,12,0
6144,12,0
23405,12,0
6063,12,0
13531,12,0
13542,12,0
13561,12,0
13324,12,0
6370,12,0
5735,12,0
23064,12,0
14519,12,0
5488,12,0
5527,12,0
6079,12,0
14549,12,0
5370,12,0
5461,12,0
6050,12,0
14338,12,0
14338,12,0
14338,12,0
4786,12,0
13721,12,0
13725,12,0
22070,12,0
8001,12,0
4784,12,0
5359,12,0
13641,12,0
5354,12,0
22094,12,0
13952,12,0
4785,12,0
13833,12,0
5351,12,0
13672,12,0
13704,12,0
13506,12,0
21355,12,0
4907,12,0
20427,12,0
4781,12,0
12084,12,0
7380,12,0
4757,12,0
4735,12,0
4735,12,0
12082,12,0
12081,12,0
12085,12,0
20454,12,0
4731,12,0
4777,12,0
4776,12,0
12079,12,0
4720,12,0
4718,12,0
12071,12,0
4718,12,0
12316,12,0
4718,12,0
12381,12,0
12348,12,0
7358,12,0
4739,12,0
20410,12,0
4761,12,0
4811,12,0
28512,12,0
28930,12,0
4736,12,0
28936,12,0
4892,12,0
7951,12,0
12060,12,0
4807,12,0
20334,12,0
6135,12,0
12255,12,0
6132,12,0
6138,12,0
6138,12,0
28641,12,0
28438,12,0
6196,12,0
6135,12,0
6095,12,0
28803,12,0
20294,12,0
12247,12,0
6097,12,0
6134,12,0
6152,12,0
20229,12,0
12182,12,0
28521,12,0
6035,12,0
12149,12,0
7877,12,0
12112,12,0
6077,12,0
28695,12,0
7756,12,0
20189,12,0
6014,12,0
12142,12,0
5993,12,0
5991,12,0
12087,12,0
28268,12,0
6021,12,0
7845,12,0
6015,12,0
12105,12,0
20160,12,0
6014,12,0
20128,12,0
7648,12,0
5926,12,0
7598,12,0
20057,12,0
19851,12,0
7555,12,0
5733,12,0
5685,12,0
28266,12,0
7448,12,0
7271,12,0
7278,12,0
19530,12,0
27858,12,0
19531,12,0
5409,12,0
12275,12,0
12277,12,0
12483,12,0
12239,12,0
12241,12,0
5553,12,0
5540,12,0
5480,12,0
12126,12,0
12285,12,0
5441,12,0
5439,12,0
12111,12,0
12113,12,0
12111,12,0
12240,12,0
12297,12,0
5334,12,0
5332,12,0
5334,12,0
12293,12,0
12177,12,0
12293,12,0
5328,12,0
5329,12,0
12293,12,0
6116,12,0
12262,12,0
5331,12,0
12240,12,0
7067,12,0
7065,12,0
11959,12,0
6912,12,0
6964,12,0
12088,12,0
12173,12,0
12173,12,0
6028,12,0
6683,12,0
12248,12,0
6999,12,0
5197,12,0
12161,12,0
6681,12,0
12108,12,0
6462,12,0
11608,12,0
11606,12,0
11605,12,0
6175,12,0
5656,12,0
5656,12,0
11488,12,0
5677,12,0
26748,12,0
26937,12,0
26736,12,0
5676,12,0
5690,12,0
26940,12,0
11485,12,0
26885,12,0
5621,12,0
26675,12,0
26686,12,0
5645,12,0
26843,12,0
26842,12,0
5606,12,0
5606,12,0
11526,12,0
5543,12,0
26798,12,0
26787,12,0
26761,12,0
4660,12,0
4674,12,0
25922,12,0
25919,12,0
4862,12,0
4885,12,0
25826,12,0
25821,12,0
4584,12,0
25812,12,0
4550,12,0
4823,12,0
25584,12,0
25786,12,0
4366,12,0
4342,12,0
24818,12,0
24816,12,0
4340,12,0
4339,12,0
4347,12,0
4369,12,0
4273,12,0
4261,12,0
4167,12,0
4130,12,0
4296,12,0
4207,12,0
6096,12,0
6031,12,0
8908,12,0
6029,12,0
8953,12,0
5974,12,0
24218,12,0
6151,12,0
5929,12,0
6215,12,0
5907,12,0
5930,12,0
14540,12,0
6050,12,0
6078,12,0
6080,12,0
14407,12,0
14531,12,0
14503,12,0
5993,12,0
5993,12,0
6035,12,0
14475,12,0
6082,12,0
12616,12,0
12618,12,0
15633,12,0
15556,12,0
12249,12,0
11807,12,0
13926,12,0
15089,12,0
13895,12,0
12039,12,0
12476,12,0
11467,12,0
13359,12,0
13361,12,0
14449,12,0
11471,12,0
14495,12,0
15064,12,0
16068,12,0
15071,12,0
16345,12,0
12018,12,0
14512,12,0
15059,12,0
16118,12,0
15055,12,0
7109,12,0
11488,12,0
14975,12,0
12111,12,0
16079,12,0
11445,12,0
12664,12,0
7116,12,0
16259,12,0
16034,12,0
7180,12,0
16202,12,0
16148,12,0
16293,12,0
16383,12,0
15919,12,0
16292,12,0
6983,12,0
12874,12,0
12053,12,0
16288,12,0
12285,12,0
16197,12,0
7052,12,0
7172,12,0
11887,12,0
16185,12,0
16408,12,0
16192,12,0
16195,12,0
7171,12,0
16411,12,0
12290,12,0
16185,12,0
12587,12,0
15999,12,0
7026,12,0
12561,12,0
16137,12,0
6991,12,0
7113,12,0
16223,12,0
16224,12,0
16288,12,0
12537,12,0
7085,12,0
16200,12,0
16327,12,0
7206,12,0
16325,12,0
12978,12,0
13052,12,0
7057,12,0
16288,12,0
18188,12,0
18182,12,0
7041,12,0
18138,12,0
12861,12,0
16073,12,0
12732,12,0
17978,12,0
18150,12,0
18153,12,0
6947,12,0
18153,12,0
12727,12,0
17969,12,0
18124,12,0
18072,12,0
18074,12,0
18070,12,0
18069,12,0
18121,12,0
17834,12,0
6605,12,0
12394,12,0
17704,12,0
17722,12,0
17684,12,0
17666,12,0
17667,12,0
12350,12,0
12352,12,0
17641,12,0
19641,12,0
19641,12,0
17368,12,0
13234,12,0
19517,12,0
13236,12,0
19514,12,0
13231,12,0
13232,12,0
19567,12,0
19511,12,0
19352,12,0
19349,12,0
19294,12,0
19351,12,0
19289,12,0
12936,12,0
13014,12,0
13012,12,0
12942,12,0
19276,12,0
19215,12,0
19215,12,0
12922,12,0
19198,12,0
19367,12,0
19200,12,0
13468,12,0
19255,12,0
19239,12,0
20509,12,0
12902,12,0
20497,12,0
19230,12,0
20608,12,0
20489,12,0
20447,12,0
19290,12,0
20527,12,0
20527,12,0
20530,12,0
14432,12,0
20481,12,0
9399,12,0
9375,12,0
9327,12,0
20452,12,0
10312,12,0
10416,12,0
23851,12,0
10396,12,0
23850,12,0
10257,12,0
10230,12,0
10220,12,0
10321,12,0
20343,12,0
10209,12,0
28189,12,0
10207,12,0
10280,12,0
28102,12,0
10220,12,0
10121,12,0
20255,12,0
28092,12,0
10097,12,0
13586,12,0
13584,12,0
19769,12,0
13578,12,0
13576,12,0
28002,12,0
30047,12,0
13569,12,0
13689,12,0
13584,12,0
13634,12,0
13531,12,0
27858,12,0
13542,12,0
13505,12,0
13504,12,0
29765,12,0
27757,12,0
27752,12,0
30418,12,0
29793,12,0
30258,12,0
27752,12,0
29876,12,0
29667,12,0
29493,12,0
27113,12,0
27148,12,0
29075,12,0
29195,12,0
29169,12,0
13121,12,0
27138,12,0
13120,12,0
29358,12,0
13222,12,0
29356,12,0
27140,12,0
27137,12,0
29475,12,0
29792,12,0
29690,12,0
13582,12,0
13119,12,0
13173,12,0
13216,12,0
13173,12,0
13176,12,0
13172,12,0
27129,12,0
29133,12,0
13213,12,0
13216,12,0
13578,12,0
29784,12,0
13576,12,0
27132,12,0
13214,12,0
29173,12,0
13167,12,0
13609,12,0
13396,12,0
13211,12,0
13611,12,0
13209,12,0
13211,12,0
29756,12,0
13211,12,0
29468,12,0
27129,12,0
29130,12,0
13370,12,0
26952,12,0
13361,12,0
26929,12,0
17742,12,0
17718,12,0
17654,12,0
17437,12,0
17531,12,0
17532,12,0
17773,12,0
17636,12,0
17352,12,0
28224,12,0
28210,12,0
27798,12,0
28219,12,0
31917,12,0
17237,12,0
28212,12,0
17392,12,0
27966,12,0
17835,12,0
17835,12,0
17526,12,0
17528,12,0
17745,12,0
27725,12,0
32218,12,0
32256,12,0
32220,12,0
32180,12,0
28097,12,0
32230,12,0
28853,12,0
32166,12,0
28075,12,0
32160,12,0
28030,12,0
32109,12,0
32098,12,0
32096,12,0
32109,12,0
28073,12,0
32052,12,0
32093,12,0
27964,12,0
32097,12,0
32049,12,0
27991,12,0
32050,12,0
27941,12,0
27938,12,0
32050,12,0
27884,12,0
31963,12,0
27880,12,0
27879,12,0
32009,12,0
27968,12,0
27914,12,0
31982,12,0
27895,12,0
31977,12,0
31979,12,0
31934,12,0
31981,12,0
27902,12,0
32144,12,0
27844,12,0
32019,12,0
27861,12,0
31951,12,0
31947,12,0
32234,12,0
27816,12,0
31948,12,0
32301,12,0
31946,12,0
31943,12,0
31945,12,0
28005,12,0
32302,12,0
27887,12,0
28482,12,0
32079,12,0
32175,12,0
31887,12,0
27946,12,0
32150,12,0
32026,12,0
27782,12,0
17553,12,0
17525,12,0
32049,12,0
31902,12,0
17633,12,0
31940,12,0
28511,12,0
17579,12,0
17536,12,0
28142,12,0
28328,12,0
17535,12,0
17509,12,0
17498,12,0
27734,12,0
31877,12,0
17565,12,0
32124,12,0
27785,12,0
17515,12,0
32124,12,0
28059,12,0
32121,12,0
31872,12,0
28180,12,0
32125,12,0
32086,12,0
32192,12,0
17561,12,0
31852,12,0
27851,12,0
31875,12,0
28350,12,0
31862,12,0
17516,12,0
31957,12,0
27848,12,0
32052,12,0
32318,12,0
21364,12,0
32142,12,0
32474,12,0
32138,12,0
32074,12,0
28196,12,0
28256,12,0
21354,12,0
21412,12,0
21350,12,0
21411,12,0
21409,12,0
27709,12,0
21860,12,0
28952,12,0
31941,12,0
21906,12,0
28118,12,0
27719,12,0
32047,12,0
32047,12,0
21332,12,0
32043,12,0
21331,12,0
21478,12,0
21831,12,0
21379,12,0
32270,12,0
32388,12,0
31984,12,0
27957,12,0
21308,12,0
21307,12,0
31767,12,0
31978,12,0
31978,12,0
27672,12,0
31823,12,0
31887,12,0
23153,12,0
23147,12,0
23152,12,0
5928,12,0
23094,12,0
23149,12,0
23094,12,0
23143,12,0
23093,12,0
23022,12,0
23133,12,0
23136,12,0
14198,12,0
35612,12,0
23102,12,0
14029,12,0
35520,12,0
28986,12,0
23030,12,0
35532,12,0
35460,12,0
29021,12,0
35495,12,0
22993,12,0
5677,12,0
35459,12,0
35459,12,0
35477,12,0
22918,12,0
28931,12,0
28931,12,0
29019,12,0
29012,12,0
29038,12,0
29012,12,0
29010,12,0
5830,12,0
5833,12,0
35342,12,0
35382,12,0
35484,12,0
28992,12,0
35436,12,0
5701,12,0
35276,12,0
26296,12,0
5546,12,0
22508,12,0
35173,12,0
35302,12,0
35174,12,0
28732,12,0
5455,12,0
22509,12,0
22507,12,0
35167,12,0
30464,12,0
5542,12,0
35296,12,0
35296,12,0
22505,12,0
35172,12,0
35302,12,0
22415,12,0
35040,12,0
35247,12,0
25735,12,0
35208,12,0
35085,12,0
35028,12,0
35129,12,0
35181,12,0
34899,12,0
35252,12,0
5110,12,0
5342,12,0
28519,12,0
30252,12,0
34959,12,0
22427,12,0
4822,12,0
5143,12,0
22051,12,0
22052,12,0
21979,12,0
13098,12,0
28049,12,0
5071,12,0
28046,12,0
22032,12,0
21983,12,0
5022,12,0
34369,12,0
27937,12,0
27881,12,0
34358,12,0
27990,12,0
27849,12,0
4879,12,0
34453,12,0
21841,12,0
27855,12,0
34367,12,0
27911,12,0
27911,12,0
34305,12,0
34405,12,0
34304,12,0
27791,12,0
21775,12,0
27919,12,0
34341,12,0
27871,12,0
34269,12,0
27882,12,0
34368,12,0
27879,12,0
27872,12,0
4444,12,0
21647,12,0
34303,12,0
34265,12,0
34310,12,0
27783,12,0
24913,12,0
25115,12,0
34433,12,0
34303,12,0
34300,12,0
27802,12,0
12584,12,0
27689,12,0
34185,12,0
34060,12,0
21360,12,0
33921,12,0
19300,12,0
29317,12,0
21359,12,0
12320,12,0
33889,12,0
33990,12,0
21328,12,0
12381,12,0
12240,12,0
29580,12,0
11561,12,0
18440,12,0
33240,12,0
20581,12,0
33276,12,0
11386,12,0
11503,12,0
28835,12,0
20446,12,0
28458,12,0
18389,12,0
33094,12,0
23178,12,0
11482,12,0
23175,12,0
11366,12,0
23057,12,0
11232,12,0
23060,12,0
23055,12,0
23055,12,0
11362,12,0
11283,12,0
11343,12,0
23044,12,0
23040,12,0
11211,12,0
22971,12,0
22956,12,0
22957,12,0
11257,12,0
22952,12,0
37984,12,0
22936,12,0
37988,12,0
37976,12,0
23012,12,0
37950,12,0
37949,12,0
11232,12,0
11165,12,0
22924,12,0
37972,12,0
22925,12,0
37971,12,0
11138,12,0
37880,12,0
11024,12,0
37714,12,0
37780,12,0
11009,12,0
37714,12,0
37729,12,0
37752,12,0
1066,12,0
35688,12,0
1161,12,0
1113,12,0
35614,12,0
35682,12,0
1062,12,0
1063,12,0
1517,12,0
35294,12,0
35189,12,0
35115,12,0
1484,12,0
35179,12,0
1479,12,0
1466,12,0
35084,12,0
1464,12,0
1461,12,0
35226,12,0
35156,12,0
1455,12,0
34986,12,0
35099,12,0
1407,12,0
1404,12,0
35095,12,0
1404,12,0
35025,12,0
35089,12,0
34936,12,0
34999,12,0
1590,12,0
1592,12,0
1589,12,0
35024,12,0
1590,12,0
34920,12,0
35023,12,0
1587,12,0
34940,12,0
1652,12,0
34938,12,0
1658,12,0
34937,12,0
1625,12,0
1663,12,0
29306,12,0
1649,12,0
29093,12,0
29092,12,0
29044,12,0
34674,12,0
1393,12,0
34505,12,0
1181,12,0
28904,12,0
34368,12,0
21248,12,0
29200,12,0
966,12,0
965,12,0
21271,12,0
965,12,0
897,12,0
21177,12,0
20904,12,0
715,12,0
30479,12,0
20930,12,0
21446,12,0
1000,12,0
711,12,0
709,12,0
34955,12,0
20825,12,0
927,12,0
33820,12,0
853,12,0
28566,12,0
854,12,0
852,12,0
21156,12,0
21157,12,0
850,12,0
862,12,0
783,12,0
21124,12,0
20571,12,0
789,12,0
910,12,0
763,12,0
763,12,0
21054,12,0
878,12,0
21056,12,0
877,12,0
33631,12,0
21001,12,0
29843,12,0
34446,12,0
33509,12,0
831,12,0
20927,12,0
797,12,0
34337,12,0
20308,12,0
32634,12,0
32876,12,0
773,12,0
34320,12,0
34303,12,0
34254,12,0
34250,12,0
34250,12,0
34020,12,0
615,12,0
34018,12,0
603,12,0
33965,12,0
32366,12,0
493,12,0
493,12,0
495,12,0
495,12,0
32356,12,0
32351,12,0
33809,12,0
483,12,0
20329,12,0
458,12,0
643,12,0
20503,12,0
33692,12,0
572,12,0
567,12,0
23546,12,0
23542,12,0
23605,12,0
23383,12,0
577,12,0
577,12,0
1005,12,0
23443,12,0
1006,12,0
1003,12,0
23510,12,0
23562,12,0
974,12,0
33688,12,0
972,12,0
23400,12,0
981,12,0
23398,12,0
23408,12,0
23609,12,0
888,12,0
23389,12,0
23469,12,0
879,12,0
881,12,0
849,12,0
23192,12,0
735,12,0
33028,12,0
23273,12,0
23029,12,0
512,12,0
22690,12,0
440,12,0
32441,12,0
448,12,0
22650,12,0
443,12,0
32501,12,0
471,12,0
537,12,0
443,12,0
537,12,0
32432,12,0
461,12,0
441,12,0
32426,12,0
441,12,0
32496,12,0
32959,12,0
462,12,0
32696,12,0
471,12,0
32678,12,0
22736,12,0
32492,12,0
22727,12,0
32596,12,0
22788,12,0
32411,12,0
486,12,0
449,12,0
569,12,0
22817,12,0
32677,12,0
564,12,0
477,12,0
32583,12,0
494,12,0
608,12,0
619,12,0
32496,12,0
32324,12,0
594,12,0
22650,12,0
32253,12,0
32252,12,0
583,12,0
552,12,0
32777,12,0
32322,12,0
571,12,0
550,12,0
550,12,0
22618,12,0
32245,12,0
602,12,0
647,12,0
641,12,0
32165,12,0
32512,12,0
31993,12,0
637,12,0
620,12,0
31968,12,0
22440,12,0
611,12,0
638,12,0
31929,12,0
574,12,0
32351,12,0
585,12,0
22309,12,0
32112,12,0
541,12,0
22316,12,0
22255,12,0
1083,12,0
31984,12,0
1079,12,0
932,12,0
31844,12,0
32216,12,0
1074,12,0
22176,12,0
22173,12,0
929,12,0
1075,12,0
32201,12,0
898,12,0
22241,12,0
31880,12,0
1010,12,0
31511,12,0
1019,12,0
1028,12,0
31495,12,0
31841,12,0
31792,12,0
1150,12,0
31153,12,0
21752,12,0
868,12,0
953,12,0
31531,12,0
913,12,0
31604,12,0
854,12,0
31011,12,0
31014,12,0
722,12,0
721,12,0
884,12,0
1067,12,0
974,12,0
31064,12,0
816,12,0
900,12,0
925,12,0
31053,12,0
843,12,0
30891,12,0
945,12,0
21242,12,0
31233,12,0
831,12,0
942,12,0
924,12,0
923,12,0
21268,12,0
921,12,0
30964,12,0
1252,12,0
1251,12,0
31012,12,0
21199,12,0
903,12,0
899,12,0
1317,12,0
31061,12,0
30604,12,0
901,12,0
30603,12,0
1430,12,0
21135,12,0
1262,12,0
1374,12,0
30942,12,0
30798,12,0
1376,12,0
30946,12,0
1373,12,0
30949,12,0
30416,12,0
30351,12,0
1295,12,0
24531,12,0
1166,12,0
24370,12,0
24372,12,0
1284,12,0
1286,12,0
24464,12,0
1241,12,0
24326,12,0
24290,12,0
1382,12,0
24269,12,0
1383,12,0
24279,12,0
24552,12,0
24376,12,0
1374,12,0
24558,12,0
1340,12,0
24578,12,0
24371,12,0
6297,12,0
1320,12,0
6292,12,0
24338,12,0
1336,12,0
24368,12,0
24583,12,0
1458,12,0
1555,12,0
24315,12,0
1610,12,0
29858,12,0
24261,12,0
24252,12,0
1580,12,0
24176,12,0
24079,12,0
24176,12,0
23963,12,0
1371,12,0
1370,12,0
1369,12,0
30273,12,0
29754,12,0
23827,12,0
23553,12,0
23884,12,0
1092,12,0
1090,12,0
973,12,0
23516,12,0
972,12,0
29688,12,0
23278,12,0
973,12,0
972,12,0
23641,12,0
23587,12,0
827,12,0
23355,12,0
806,12,0
830,12,0
816,12,0
23331,12,0
23037,12,0
533,12,0
22788,12,0
607,12,0
22928,12,0
587,12,0
22936,12,0
22930,12,0
23119,12,0
22925,12,0
580,12,0
22925,12,0
680,12,0
28641,12,0
22745,12,0
22916,12,0
28258,12,0
22900,12,0
709,12,0
22828,12,0
748,12,0
748,12,0
28774,12,0
22826,12,0
22956,12,0
28251,12,0
22792,12,0
747,12,0
744,12,0
774,12,0
28235,12,0
28204,12,0
22850,12,0
28205,12,0
22908,12,0
714,12,0
737,12,0
22851,12,0
736,12,0
788,12,0
736,12,0
22962,12,0
28197,12,0
22738,12,0
764,12,0
28683,12,0
22825,12,0
773,12,0
773,12,0
807,12,0
4214,12,0
4021,12,0
28653,12,0
806,12,0
22825,12,0
28423,0,2
807,12,0
28710,12,0
28457,12,0
772,12,0
769,12,0
28142,12,0
28143,12,0
770,12,0
768,12,0
3766,12,0
22786,12,0
766,12,0
28136,12,0
811,12,0
28383,0,2
4174,12,0
28589,12,0
805,12,0
28703,12,0
803,12,0
4166,12,0
28656,12,0
28696,12,0
804,12,0
28128,12,0
802,12,0
800,12,0
22884,12,0
790,12,0
22959,12,0
28107,12,0
796,12,0
873,12,0
27779,12,0
788,12,0
28017,0,2
22511,12,0
28069,12,0
670,12,0
523,12,0
524,12,0
22351,12,0
27490,12,0
27996,12,0
1084,12,0
1112,12,0
27931,12,0
27676,0,2
27998,12,0
1024,12,0
22311,12,0
1109,12,0
22275,12,0
1321,12,0
1108,12,0
22272,12,0
988,12,0
22271,12,0
27375,12,0
27333,12,0
1287,12,0
1066,12,0
1276,12,0
27572,0,2
27909,12,0
27331,12,0
1035,12,0
27229,0,2
1169,12,0
21884,12,0
1164,12,0
1020,12,0
945,12,0
935,12,0
21225,12,0
26925,12,0
26285,12,0
849,12,0
853,12,0
825,12,0
26060,12,0
638,12,0
653,12,0
20878,12,0
618,12,0
26506,12,0
26446,12,0
617,12,0
20871,12,0
21038,12,0
641,12,0
616,12,0
26125,12,0
618,12,0
20818,12,0
589,12,0
26256,12,0
26482,12,0
588,12,0
585,12,0
586,12,0
20980,12,0
25875,12,0
26374,12,0
704,12,0
628,12,0
20721,12,0
625,12,0
616,12,0
26008,12,0
25676,12,0
20595,12,0
454,12,0
539,12,0
25581,12,0
20586,12,0
25540,12,0
25927,12,0
597,12,0
20341,12,0
24331,12,0
583,12,0
608,12,0
24234,12,0
25585,12,0
975,12,0
580,12,0
579,12,0
24306,12,0
24211,12,0
24210,12,0
581,12,0
966,12,0
581,12,0
24310,12,0
25723,12,0
1171,12,0
1295,12,0
1292,12,0
1222,12,0
25606,12,0
25659,12,0
25589,12,0
25676,12,0
1115,12,0
1116,12,0
25541,12,0
1102,12,0
1088,12,0
25535,12,0
25425,12,0
1055,12,0
25590,12,0
1045,12,0
25593,12,0
25598,12,0
1044,12,0
24043,12,0
1113,12,0
25344,12,0
25289,12,0
1126,12,0
1077,12,0
1101,12,0
1102,12,0
1231,12,0
23526,12,0
23528,12,0
976,12,0
1139,12,0
23415,12,0
1099,12,0
23412,12,0
23410,12,0
1096,12,0
1143,12,0
1395,12,0
1200,12,0
24593,12,0
1196,12,0
911,12,0
23300,12,0
23302,12,0
23299,12,0
896,12,0
1014,12,0
23102,12,0
1067,12,0
1060,12,0
23098,12,0
23095,12,0
23092,12,0
1048,12,0
1050,12,0
1048,12,0
1160,12,0
24436,12,0
24378,12,0
1158,12,0
24169,12,0
24266,12,0
24382,12,0
1244,12,0
24389,12,0
1156,12,0
1154,12,0
24481,12,0
24342,12,0
1237,12,0
1156,12,0
24232,12,0
24365,12,0
24434,12,0
24257,12,0
23042,12,0
67269,0,1
24375,12,0
1236,12,0
1238,12,0
24391,12,0
1150,12,0
1237,12,0
1152,12,0
24537,12,0
1234,12,0
1088,12,0
24370,12,0
1153,12,0
1284,12,0
24235,12,0
24241,12,0
1334,12,0
1283,12,0
24087,12,0
1260,12,0
24285,12,0
1183,12,0
1183,12,0
23872,12,0
23787,12,0
1169,12,0
1109,12,0
22608,12,0
23699,12,0
23723,12,0
901,12,0
893,12,0
22183,12,0
23421,12,0
23640,12,0
855,12,0
812,12,0
1043,12,0
21978,12,0
23383,12,0
21979,12,0
1042,12,0
1021,12,0
1020,12,0
23362,12,0
21972,12,0
932,12,0
938,12,0
936,12,0
23113,12,0
23251,12,0
934,12,0
23238,12,0
22894,12,0
21605,12,0
22693,12,0
22874,12,0
734,12,0
739,12,0
744,12,0
22479,12,0
718,12,0
21535,12,0
681,12,0
462,12,0
21059,12,0
22191,12,0
443,12,0
21029,12,0
430,12,0
22250,12,0
22093,12,0
459,12,0
20833,12,0
21820,12,0
20831,12,0
422,12,0
21785,12,0
20626,12,0
426,12,0
458,12,0
431,12,0
21659,12,0
21587,12,0
20436,12,0
443,12,0
453,12,0
442,12,0
21744,12,0
441,12,0
455,12,0
455,12,0
444,12,0
21673,12,0
425,12,0
21678,12,0
451,12,0
21524,12,0
427,12,0
21573,12,0
20252,12,0
436,12,0
433,12,0
21172,12,0
493,12,0
20353,12,0
21249,12,0
446,12,0
476,12,0
21180,12,0
443,12,0
465,12,0
494,12,0
440,12,0
434,12,0
571,12,0
565,12,0
702,12,0
609,12,0
610,12,0
20090,12,0
595,12,0
21227,12,0
670,12,0
656,12,0
21234,12,0
713,12,0
646,12,0
733,12,0
20791,12,0
21140,12,0
650,12,0
683,12,0
20907,12,0
642,12,0
20722,0,2
710,12,0
628,12,0
20901,12,0
20859,12,0
748,12,0
20797,12,0
663,12,0
661,12,0
661,12,0
609,12,0
687,12,0
63322,0,1
674,12,0
708,12,0
651,12,0
20358,12,0
19865,12,0
20317,12,0
599,12,0
583,12,0
452,12,0
19995,12,0
19910,12,0
464,12,0
429,12,0
638,12,0
628,12,0
612,12,0
622,12,0
693,12,0
728,12,0
727,12,0
692,12,0
690,12,0
688,12,0
718,12,0
19656,12,0
1172,12,0
678,12,0
694,12,0
709,12,0
710,12,0
698,12,0
18607,12,0
691,12,0
718,12,0
18606,12,0
792,12,0
19708,12,0
791,12,0
907,12,0
18630,12,0
18631,12,0
906,12,0
904,12,0
19708,12,0
713,12,0
786,12,0
712,12,0
19780,12,0
19766,12,0
18626,12,0
19695,12,0
1031,12,0
1033,12,0
1018,12,0
963,12,0
961,12,0
1512,12,0
1512,12,0
1504,12,0
1503,12,0
1444,12,0
1435,12,0
1435,12,0
1435,12,0
1437,12,0
19059,12,0
1409,12,0
19038,12,0
1420,12,0
1393,12,0
1414,12,0
1404,12,0
1378,12,0
1489,12,0
1489,12,0
1553,12,0
1415,12,0
1478,12,0
1477,12,0
2016,12,0
1568,12,0
1567,12,0
1803,12,0
1570,12,0
1570,12,0
1471,12,0
1812,12,0
1798,12,0
1065,12,0
1069,12,0
1068,12,0
1114,12,0
1042,12,0
1041,12,0
1061,12,0
1054,12,0
1054,12,0
1017,12,0
982,12,0
1240,12,0
1024,12,0
1254,12,0
1005,12,0
1587,12,0
931,12,0
1366,12,0
1473,12,0
1246,12,0
1522,12,0
1912,12,0
1906,12,0
3574,12,0
1850,12,0
1833,12,0
1810,12,0
1829,12,0
1806,12,0
5358,12,0
1797,12,0
1857,12,0
1850,12,0
4343,12,0
1897,12,0
1853,12,0
4341,12,0
5356,12,0
1822,12,0
3081,12,0
1896,12,0
1821,12,0
1876,12,0
5338,12,0
5173,12,0
2799,12,0
5074,12,0
2783,12,0
5333,12,0
2735,12,0
2734,12,0
2732,12,0
2782,12,0
2785,12,0
2783,12,0
2784,12,0
5332,12,0
2785,12,0
2730,12,0
2784,12,0
2783,12,0
2785,12,0
2698,12,0
4947,12,0
3268,12,0
3273,12,0
3220,12,0
3221,12,0
3218,12,0
3219,12,0
3159,12,0
3216,12,0
5176,12,0
3210,12,0
5153,12,0
3208,12,0
3205,12,0
5153,12,0
3208,12,0
6895,12,0
5152,12,0
3206,12,0
3207,12,0
7617,12,0
5089,12,0
6760,12,0
7611,12,0
3091,12,0
7872,12,0
7552,12,0
5291,12,0
7567,12,0
7856,12,0
3059,12,0
7849,12,0
7564,12,0
4680,12,0
7710,12,0
5154,12,0
7635,12,0
4448,12,0
7511,12,0
4958,12,0
8116,12,0
4881,12,0
4346,12,0
4363,12,0
4344,12,0
4190,12,0
4265,12,0
4110,12,0
3946,12,0
4124,12,0
10089,12,0
4146,12,0
7922,12,0
3897,12,0
4075,12,0
4094,12,0
4055,12,0
4070,12,0
7877,12,0
4096,12,0
10032,12,0
4043,12,0
7875,12,0
4042,12,0
4088,12,0
7870,12,0
7869,12,0
10019,12,0
4084,12,0
4086,12,0
10018,12,0
4054,12,0
7864,12,0
10014,12,0
7861,12,0
7843,12,0
9996,12,0
9990,12,0
9988,12,0
9989,12,0
7831,12,0
7824,12,0
9977,12,0
8061,12,0
9975,12,0
9954,12,0
6297,12,0
9955,12,0
5431,12,0
9957,12,0
9957,12,0
12456,12,0
9989,12,0
9988,12,0
12493,12,0
6532,12,0
9937,12,0
9939,12,0
12404,12,0
12383,12,0
12616,12,0
12358,12,0
12433,12,0
9887,12,0
11556,12,0
12351,12,0
11727,12,0
11704,12,0
11725,12,0
9708,12,0
11250,12,0
11274,12,0
11156,12,0
11604,12,0
11362,12,0
9586,12,0
6822,12,0
11472,12,0
11023,12,0
6768,12,0
6728,12,0
6685,12,0
6685,12,0
10941,12,0
6649,12,0
6620,12,0
9299,12,0
6607,12,0
10984,12,0
9299,12,0
6609,12,0
11439,12,0
6581,12,0
9273,12,0
6584,12,0
6584,12,0
6583,12,0
6585,12,0
6578,12,0
7342,12,0
10350,12,0
6995,12,0
6943,12,0
15711,12,0
15711,12,0
6892,12,0
6892,12,0
15721,12,0
6943,12,0
6890,12,0
6892,12,0
7288,12,0
6930,12,0
7386,12,0
7286,12,0
6855,12,0
6605,12,0
6657,12,0
6800,12,0
6646,12,0
6802,12,0
6798,12,0
6567,12,0
6619,12,0
6604,12,0
6277,12,0
6277,12,0
11262,12,0
11319,12,0
8324,12,0
8253,12,0
8322,12,0
8320,12,0
8320,12,0
15767,12,0
8317,12,0
8318,12,0
8318,12,0
15880,12,0
15879,12,0
11131,12,0
15722,12,0
11132,12,0
11134,12,0
15658,12,0
11189,12,0
11179,12,0
11110,12,0
11109,12,0
11415,12,0
15676,12,0
11079,12,0
15793,12,0
11074,12,0
11076,12,0
15599,12,0
11370,12,0
8154,12,0
11068,12,0
15806,12,0
15957,12,0
11293,12,0
11297,12,0
15781,12,0
8145,12,0
11365,12,0
8146,12,0
11062,12,0
16170,12,0
15876,12,0
15801,12,0
15768,12,0
11027,12,0
7543,12,0
15198,12,0
9056,12,0
9130,12,0
9133,12,0
9379,12,0
9293,12,0
9130,12,0
9299,12,0
9127,12,0
9232,12,0
8983,12,0
9231,12,0
9098,12,0
9098,12,0
9104,12,0
9027,12,0
15310,12,0
19742,12,0
19696,12,0
9054,12,0
19614,12,0
19695,12,0
15243,12,0
20355,12,0
20511,12,0
15544,12,0
20332,12,0
19704,12,0
19764,12,0
20175,12,0
15353,12,0
20129,12,0
20234,12,0
15276,12,0
20134,12,0
20109,12,0
20109,12,0
20138,12,0
20120,12,0
20200,12,0
20124,12,0
20121,12,0
20199,12,0
20195,12,0
20199,12,0
20316,12,0
20110,12,0
20111,12,0
20266,12,0
15302,12,0
15391,12,0
20261,12,0
20107,12,0
22404,12,0
20108,12,0
20180,12,0
20102,12,0
20093,12,0
20241,12,0
20239,12,0
20236,12,0
19211,12,0
22360,12,0
20220,12,0
22357,12,0
22357,12,0
20138,12,0
22394,12,0
20217,12,0
20213,12,0
20213,12,0
22358,12,0
20137,12,0
22392,12,0
19203,12,0
22391,12,0
22526,12,0
22402,12,0
22332,12,0
22327,12,0
19067,12,0
22507,12,0
19171,12,0
19152,12,0
19136,12,0
22326,12,0
22342,12,0
12722,12,0
22288,12,0
19032,12,0
19043,12,0
22261,12,0
19084,12,0
19025,12,0
22233,12,0
22235,12,0
22179,12,0
18960,12,0
12548,12,0
22281,12,0
18946,12,0
18941,12,0
22272,12,0
12527,12,0
22140,12,0
22260,12,0
12525,12,0
22111,12,0
12525,12,0
18921,12,0
18962,12,0
22138,12,0
22197,12,0
12456,12,0
18900,12,0
22189,12,0
12455,12,0
18727,12,0
21898,12,0
18681,12,0
18600,12,0
21753,12,0
21870,12,0
21828,12,0
12127,12,0
12201,12,0
12200,12,0
18615,12,0
12077,12,0
12134,12,0
12133,12,0
12074,12,0
12118,12,0
11993,12,0
21593,12,0
21676,12,0
11989,12,0
18366,12,0
11890,12,0
11956,12,0
21578,12,0
21488,12,0
18240,12,0
11892,12,0
11856,12,0
22984,12,0
11790,12,0
11789,12,0
11794,12,0
11788,12,0
23753,12,0
18204,12,0
11670,12,0
11666,12,0
11669,12,0
18159,12,0
23539,12,0
11872,12,0
11559,12,0
23451,12,0
11033,12,0
23135,12,0
11020,12,0
10724,12,0
10723,12,0
10707,12,0
10718,12,0
17473,12,0
22830,12,0
10714,12,0
22830,12,0
10714,12,0
17468,12,0
11348,12,0
11351,12,0
11483,12,0
11597,12,0
11664,12,0
11347,12,0
11349,12,0
11348,12,0
11346,12,0
11479,12,0
11661,12,0
11343,12,0
11910,12,0
11344,12,0
11636,12,0
11697,12,0
15141,12,0
15145,12,0
15148,12,0
15145,12,0
15057,12,0
15120,12,0
15144,12,0
15119,12,0
15056,12,0
15056,12,0
15101,12,0
15023,12,0
28652,12,0
15060,12,0
15062,12,0
15031,12,0
28495,12,0
22368,12,0
22187,12,0
28435,12,0
14962,12,0
15089,12,0
24030,12,0
32333,12,0
32332,12,0
32352,12,0
32336,12,0
32352,12,0
32353,12,0
32341,12,0
32348,12,0
24026,12,0
15078,12,0
32323,12,0
24180,12,0
32298,12,0
23976,12,0
24136,12,0
32284,12,0
32292,12,0
24094,12,0
24075,12,0
24126,12,0
24076,12,0
24076,12,0
24076,12,0
32250,12,0
24049,12,0
24100,12,0
32243,12,0
23929,12,0
32217,12,0
24011,12,0
32209,12,0
32213,12,0
32206,12,0
32212,12,0
32170,12,0
23955,12,0
32154,12,0
24025,12,0
32155,12,0
32113,12,0
32121,12,0
15085,12,0
32114,12,0
23984,12,0
32115,12,0
24027,12,0
15165,12,0
17748,12,0
24025,12,0
24024,12,0
15159,12,0
15159,12,0
32110,12,0
15160,12,0
15079,12,0
14980,12,0
31995,12,0
15040,12,0
15040,12,0
31993,12,0
23970,12,0
14954,12,0
23969,12,0
15005,12,0
23961,12,0
31957,12,0
31962,12,0
31956,12,0
31956,12,0
31903,12,0
23871,12,0
14955,12,0
31750,12,0
31750,12,0
31643,12,0
23644,12,0
14700,12,0
31603,12,0
31611,12,0
14696,12,0
23512,12,0
31512,12,0
31513,12,0
31482,12,0
14632,12,0
23512,12,0
23449,12,0
14638,12,0
23471,12,0
23418,12,0
31632,12,0
23356,12,0
23356,12,0
31801,12,0
31557,12,0
31530,12,0
24686,12,0
31193,12,0
31192,12,0
31513,12,0
31757,12,0
14398,12,0
31513,12,0
31511,12,0
16231,12,0
16228,12,0
16177,12,0
14288,12,0
31460,12,0
16197,12,0
16299,12,0
16098,12,0
16097,12,0
16361,12,0
16359,12,0
16292,12,0
36054,12,0
36310,12,0
36299,12,0
36047,12,0
36296,12,0
36305,12,0
36061,12,0
36302,12,0
36281,12,0
36250,12,0
36253,12,0
36190,12,0
35953,12,0
36199,12,0
36085,12,0
35850,12,0
36114,12,0
36107,12,0
36117,12,0
36123,12,0
36107,12,0
35800,12,0
36046,12,0
35798,12,0
36044,12,0
36059,12,0
36043,12,0
36048,12,0
35941,12,0
35691,12,0
15744,12,0
15975,12,0
15747,12,0
15739,12,0
15905,12,0
15737,12,0
15802,12,0
35590,12,0
35594,12,0
15736,12,0
15733,12,0
35591,12,0
15795,12,0
15733,12,0
15795,12,0
30422,12,0
35580,12,0
30427,12,0
35584,12,0
35583,12,0
35588,12,0
30427,12,0
35580,12,0
35580,12,0
35581,12,0
35577,12,0
35576,12,0
30401,12,0
35560,12,0
30385,12,0
30381,12,0
15914,12,0
30387,12,0
35537,12,0
35526,12,0
35535,12,0
30371,12,0
35525,12,0
35525,12,0
35393,12,0
30109,12,0
19097,12,0
19257,12,0
19543,12,0
31837,12,0
18966,12,0
19285,12,0
19173,12,0
19096,12,0
35251,12,0
19171,12,0
19172,12,0
19172,12,0
35225,12,0
35247,12,0
35212,12,0
31499,12,0
18962,12,0
35210,12,0
19167,12,0
19530,12,0
19093,12,0
35210,12,0
35219,12,0
35215,12,0
35249,12,0
31546,12,0
34978,12,0
19276,12,0
35238,12,0
35220,12,0
35248,12,0
19250,12,0
35205,12,0
31487,12,0
35232,12,0
34937,12,0
34309,12,0
18699,12,0
34194,12,0
34191,12,0
33899,12,0
33841,12,0
34085,12,0
33830,12,0
18492,12,0
33529,12,0
18132,12,0
18130,12,0
33759,12,0
18129,12,0
33392,12,0
33051,12,0
33291,12,0
33294,12,0
33294,12,0
17835,12,0
17781,12,0
19230,12,0
17757,12,0
17755,12,0
17584,12,0
19230,12,0
19228,12,0
33207,12,0
17595,12,0
19061,12,0
19060,12,0
17586,12,0
19061,12,0
19060,12,0
21999,12,0
32773,12,0
21997,12,0
22102,12,0
22146,12,0
22045,12,0
22082,12,0
21939,12,0
33000,12,0
21937,12,0
22085,12,0
22085,12,0
22165,12,0
22085,12,0
22039,12,0
21935,12,0
21933,12,0
21972,12,0
32826,12,0
22010,12,0
32728,12,0
32673,12,0
32489,12,0
32606,12,0
32607,12,0
32406,12,0
21741,12,0
32296,12,0
32287,12,0
32493,12,0
32292,12,0
32397,12,0
32212,12,0
32521,12,0
32384,12,0
32197,12,0
32508,12,0
32481,12,0
21920,12,0
21918,12,0
21918,12,0
32310,12,0
32483,12,0
32406,12,0
32171,12,0
32765,12,0
32464,12,0
32392,12,0
32509,12,0
32104,12,0
32105,12,0
21971,12,0
32413,12,0
21882,12,0
21880,12,0
32102,12,0
32500,12,0
32237,12,0
32518,12,0
21900,12,0
32452,12,0
32442,12,0
21868,12,0
32221,12,0
21868,12,0
32333,12,0
32332,12,0
32136,12,0
32135,12,0
21821,12,0
32545,12,0
32498,12,0
32091,12,0
32091,12,0
31952,12,0
21820,12,0
21822,12,0
32378,12,0
31997,12,0
32260,12,0
32439,12,0
32179,12,0
31990,12,0
32239,12,0
32178,12,0
32375,12,0
32240,12,0
31916,12,0
32165,0,2
31884,12,0
32137,12,0
31842,12,0
31846,12,0
31757,12,0
31759,12,0
32023,12,0
31757,12,0
32045,12,0
32079,12,0
31662,12,0
31817,12,0
31802,12,0
32126,12,0
32103,12,0
32223,12,0
31663,12,0
31944,12,0
21487,12,0
31805,12,0
31517,12,0
31490,12,0
31777,12,0
31953,12,0
30997,12,0
31430,12,0
30989,12,0
31226,12,0
30988,12,0
31477,12,0
31370,12,0
20918,12,0
31448,12,0
31426,12,0
31379,12,0
31430,12,0
31329,12,0
3792,0,1
3692,0,1
3791,0,1
3791,0,1
3688,0,1
3687,0,1
30981,12,0
3730,0,1
30983,12,0
3749,0,1
3568,0,1
3626,0,1
3729,0,1
3599,0,1
3698,0,1
3597,0,1
3597,0,1
3565,0,1
30974,12,0
3418,0,1
3418,0,1
3390,0,1
3390,0,1
3390,0,1
3451,0,1
3327,0,1
3357,0,1
3507,0,1
3506,0,1
3355,0,1
3358,0,1
3543,0,1
3570,0,1
3601,0,1
3605,0,1
3601,0,1
3603,0,1
3539,0,1
3447,0,1
3446,0,1
3355,0,1
3356,0,1
3417,0,1
3455,0,1
3293,0,1
3515,0,1
3266,0,1
3099,12,0
1538,12,0
31297,12,0
31257,12,0
31380,12,0
31394,12,0
31223,12,0
4995,12,0
31348,12,0
5047,12,0
31184,12,0
1582,12,0
31180,12,0
1571,12,0
5037,12,0
31135,12,0
5029,12,0
31149,12,0
36167,12,0
31278,12,0
5010,12,0
3766,12,0
31188,12,0
36142,12,0
30495,12,0
3050,12,0
35961,12,0
31107,12,0
30492,12,0
1513,12,0
1509,12,0
36185,12,0
30470,12,0
1550,12,0
30460,12,0
36118,12,0
1504,12,0
3772,12,0
35933,12,0
30442,12,0
36068,12,0
1505,12,0
35933,12,0
1538,12,0
35929,12,0
36092,12,0
35922,12,0
1584,12,0
36088,12,0
25897,12,0
1551,12,0
30997,12,0
25874,12,0
25798,12,0
25862,12,0
25790,12,0
25860,12,0
25782,12,0
1538,12,0
1517,12,0
30561,12,0
25772,12,0
25848,12,0
25841,12,0
30558,12,0
1535,12,0
30978,12,0
1533,12,0
30998,12,0
30988,12,0
30946,12,0
30542,12,0
30542,12,0
25832,12,0
1527,12,0
25831,12,0
1518,12,0
30514,12,0
30939,12,0
31029,12,0
30919,12,0
1608,12,0
30914,12,0
30916,12,0
1672,12,0
25931,12,0
31089,12,0
35993,12,0
30503,12,0
30505,12,0
30505,12,0
30894,12,0
30745,12,0
30492,12,0
30847,12,0
31016,12,0
30885,12,0
30903,12,0
30840,12,0
25920,12,0
31011,12,0
35891,12,0
35976,12,0
1617,12,0
25909,12,0
35985,12,0
1647,12,0
25889,12,0
35858,12,0
35941,12,0
35939,12,0
25880,12,0
26012,12,0
35773,12,0
35939,12,0
25876,12,0
35770,12,0
439,12,0
35967,12,0
35970,12,0
25901,12,0
25896,12,0
1670,12,0
25894,12,0
35754,12,0
35714,12,0
25889,12,0
25890,12,0
25881,12,0
1650,12,0
40319,12,0
25862,12,0
1699,12,0
35931,12,0
1633,12,0
25855,12,0
35887,12,0
25979,12,0
25852,12,0
1796,12,0
40308,12,0
1631,12,0
40154,12,0
35915,12,0
35794,12,0
1627,12,0
30940,12,0
1676,12,0
30932,12,0
437,12,0
25837,12,0
35911,12,0
40296,12,0
40143,12,0
30554,12,0
29708,12,0
34746,12,0
39118,12,0
29714,12,0
685,12,0
719,12,0
29668,12,0
29696,12,0
29462,12,0
29638,12,0
29483,12,0
29600,12,0
29295,0,2
29574,12,0
883,12,0
29436,12,0
29446,12,0
29375,12,0
1009,12,0
29340,12,0
28691,12,0
29493,12,0
28689,12,0
29448,12,0
979,12,0
29295,12,0
28690,12,0
29318,12,0
28692,12,0
977,12,0
34324,12,0
23740,12,0
965,12,0
1034,12,0
28605,12,0
28593,12,0
919,12,0
28593,12,0
903,12,0
28589,12,0
28592,12,0
28589,12,0
29279,12,0
29275,12,0
2705,12,0
947,12,0
979,12,0
28532,12,0
29348,12,0
923,12,0
29163,12,0
923,12,0
29160,12,0
28532,12,0
29305,12,0
29153,12,0
29281,12,0
29146,12,0
28523,12,0
972,12,0
2673,12,0
2706,12,0
29100,12,0
28471,12,0
29036,12,0
33841,12,0
28257,12,0
33906,12,0
1593,12,0
33904,12,0
33906,12,0
33722,12,0
791,12,0
23647,12,0
23667,12,0
23593,12,0
28832,12,0
28841,12,0
33714,12,0
38102,12,0
37932,12,0
38080,12,0
619,12,0
33657,12,0
38041,12,0
38041,12,0
28686,12,0
28696,12,0
28368,12,0
429,12,0
28469,12,0
28358,12,0
28437,12,0
434,12,0
28308,12,0
28229,12,0
28287,12,0
28425,12,0
28257,12,0
28191,12,0
28219,12,0
28224,12,0
28195,12,0
458,12,0
27434,12,0
27437,12,0
27433,12,0
1541,12,0
28007,12,0
465,12,0
433,12,0
28147,12,0
27994,12,0
1549,12,0
27970,12,0
426,12,0
28075,12,0
28023,0,2
28059,12,0
28045,12,0
27909,12,0
27902,12,0
1718,12,0
27611,12,0
27909,12,0
28016,12,0
1694,12,0
27852,12,0
27654,12,0
445,12,0
426,12,0
1717,12,0
27194,12,0
27817,12,0
27939,12,0
32826,12,0
431,12,0
27904,12,0
32595,12,0
32727,12,0
27132,12,0
32845,12,0
1647,12,0
27847,12,0
32610,12,0
1648,12,0
430,12,0
461,12,0
454,12,0
32464,12,0
443,12,0
32464,12,0
32497,12,0
451,12,0
32430,12,0
26928,12,0
456,12,0
481,12,0
32385,12,0
26912,12,0
478,12,0
454,12,0
26913,12,0
26909,12,0
26797,12,0
1944,12,0
449,12,0
2036,12,0
26766,12,0
26749,12,0
423,12,0
27349,0,2
32188,12,0
26647,12,0
4494,0,1
453,12,0
4464,0,1
4463,0,1
512,12,0
2121,12,0
490,12,0
487,12,0
2098,12,0
432,12,0
425,12,0
2775,12,0
457,12,0
26414,12,0
450,12,0
26303,12,0
431,12,0
26870,12,0
26969,12,0
455,12,0
454,12,0
599,12,0
26768,12,0
26687,12,0
26686,12,0
555,12,0
31717,12,0
564,12,0
778,12,0
31383,12,0
31363,12,0
937,12,0
922,12,0
31501,12,0
760,12,0
31261,12,0
25787,12,0
864,12,0
788,12,0
31071,12,0
911,12,0
25558,12,0
811,12,0
25529,12,0
1073,12,0
25525,12,0
25512,12,0
1053,12,0
31007,12,0
3324,0,1
3385,0,1
813,12,0
693,12,0
683,12,0
671,12,0
7228,12,0
636,12,0
646,12,0
575,12,0
2729,12,0
3299,12,0
427,12,0
483,12,0
427,12,0
1514,12,0
592,12,0
1522,12,0
550,12,0
1510,12,0
627,12,0
617,12,0
1521,12,0
512,12,0
520,12,0
569,12,0
1507,12,0
453,12,0
437,12,0
12289,12,0
1715,12,0
471,12,0
456,12,0
435,12,0
422,12,0
422,12,0
427,12,0
427,12,0
432,12,0
447,12,0
5170,12,0
433,12,0
443,12,0
426,12,0
443,12,0
441,12,0
441,12,0
443,12,0
6253,12,0
8612,12,0
503,12,0
11243,12,0
424,12,0
499,12,0
566,12,0
579,12,0
575,12,0
431,12,0
437,12,0
607,12,0
562,12,0
474,12,0
6210,12,0
641,12,0
1149,12,0
615,12,0
1077,12,0
7211,12,0
1423,12,0
1391,12,0
1700,12,0
1939,12,0
1761,12,0
1920,12,0
1922,12,0
1874,12,0
1756,12,0
1921,12,0
6591,12,0
2540,12,0
1871,12,0
1753,12,0
1918,12,0
5231,12,0
1909,12,0
5085,12,0
4066,12,0
1892,12,0
1882,12,0
6551,12,0
6545,12,0
6542,12,0
6543,12,0
2493,12,0
6519,12,0
3019,12,0
2564,12,0
6505,12,0
2520,12,0
4508,12,0
3017,12,0
6494,12,0
6498,12,0
4701,12,0
6482,12,0
3014,12,0
6787,12,0
2706,12,0
2959,12,0
3013,12,0
3004,12,0
3563,12,0
6357,12,0
3562,12,0
3562,12,0
7400,12,0
7479,12,0
7395,12,0
2989,12,0
2989,12,0
7395,12,0
5744,12,0
3659,12,0
7434,12,0
7637,12,0
7429,12,0
3859,12,0
7415,12,0
3642,12,0
6341,12,0
7402,12,0
4315,12,0
4512,12,0
4317,12,0
4523,12,0
4319,12,0
4312,12,0
4246,12,0
4239,12,0
4226,12,0
4197,12,0
4174,12,0
4168,12,0
10108,12,0
5060,12,0
7163,12,0
10064,12,0
7435,12,0
7378,12,0
10170,12,0
10062,12,0
7412,12,0
10062,12,0
10063,12,0
7406,12,0
10062,12,0
10035,12,0
10069,12,0
10069,12,0
10070,12,0
7405,12,0
10058,12,0
9987,12,0
7429,12,0
10066,12,0
9981,12,0
7427,12,0
7427,12,0
7330,12,0
10077,12,0
10063,12,0
10058,12,0
7537,12,0
5786,12,0
5789,12,0
5785,12,0
5786,12,0
5784,12,0
5971,12,0
5926,12,0
5926,12,0
5786,12,0
5925,12,0
5877,12,0
5781,12,0
5478,12,0
6262,12,0
6153,12,0
6113,12,0
6100,12,0
6022,12,0
5994,12,0
5922,12,0
6012,12,0
5947,12,0
6011,12,0
5963,12,0
5946,12,0
6007,12,0
5945,12,0
10595,12,0
5718,12,0
9216,12,0
9164,12,0
10497,12,0
10459,12,0
5620,12,0
5853,12,0
9066,12,0
9064,12,0
10395,12,0
10395,12,0
9065,12,0
10393,12,0
5849,12,0
8388,12,0
8387,12,0
8388,12,0
8391,12,0
10334,12,0
8350,12,0
13602,12,0
12806,12,0
8285,12,0
8254,12,0
8230,12,0
8212,12,0
12837,12,0
8032,12,0
7757,12,0
12498,12,0
7782,12,0
9792,12,0
12237,12,0
12235,12,0
9659,12,0
9818,12,0
12445,12,0
9659,12,0
12204,12,0
12218,12,0
12215,12,0
12218,12,0
12220,12,0
12193,12,0
9621,12,0
12197,12,0
12186,12,0
9621,12,0
12191,12,0
12167,12,0
12159,12,0
12129,12,0
7676,12,0
9589,12,0
12160,12,0
9590,12,0
12156,12,0
12159,12,0
12146,12,0
9586,12,0
7607,12,0
7567,12,0
7558,12,0
7564,12,0
7562,12,0
12029,12,0
9470,12,0
7561,12,0
7556,12,0
7557,12,0
7528,12,0
7538,12,0
7162,12,0
7160,12,0
7166,12,0
7560,12,0
7560,12,0
7356,12,0
7990,12,0
7941,12,0
7944,12,0
7939,12,0
8171,12,0
8170,12,0
7938,12,0
7938,12,0
7969,12,0
7938,12,0
14581,12,0
14804,12,0
12512,12,0
7934,12,0
12228,12,0
7734,12,0
7768,12,0
7894,12,0
11908,12,0
7534,12,0
13732,12,0
13692,12,0
7059,12,0
6709,12,0
11135,12,0
11134,12,0
13486,12,0
13242,12,0
13042,12,0
13042,12,0
13194,12,0
10907,12,0
13063,12,0
13060,12,0
13065,12,0
8344,12,0
8305,12,0
8211,12,0
8561,12,0
8233,12,0
8256,12,0
8151,12,0
8125,12,0
15803,12,0
8193,12,0
8037,12,0
8068,12,0
15802,12,0
8164,12,0
8396,12,0
12362,12,0
8034,12,0
12500,12,0
12535,12,0
8160,12,0
12494,12,0
8254,12,0
8210,12,0
8214,12,0
15614,12,0
15535,12,0
12158,12,0
12333,12,0
8233,12,0
8024,12,0
15538,12,0
12255,12,0
15521,12,0
12253,12,0
12220,12,0
12189,12,0
9895,12,0
15393,12,0
15470,12,0
12157,12,0
12146,12,0
15418,12,0
12134,12,0
12103,12,0
15717,12,0
9592,12,0
9583,12,0
9586,12,0
9583,12,0
9585,12,0
9542,12,0
9545,12,0
9059,12,0
9040,12,0
9057,12,0
8985,12,0
8975,12,0
8976,12,0
9053,12,0
9053,12,0
8863,12,0
8776,12,0
8847,12,0
8765,12,0
9152,12,0
9150,12,0
8836,12,0
8834,12,0
8823,12,0
8737,12,0
8807,12,0
9003,12,0
8778,12,0
9087,12,0
8860,12,0
8696,12,0
8698,12,0
9056,12,0
10538,12,0
10485,12,0
10685,12,0
10482,12,0
10686,12,0
10687,12,0
10691,12,0
10684,12,0
10684,12,0
10589,12,0
10591,12,0
10592,12,0
10472,12,0
10437,12,0
10436,12,0
17092,12,0
17089,12,0
15761,12,0
17088,12,0
15727,12,0
10151,12,0
17677,12,0
16804,12,0
15478,12,0
16686,12,0
16690,12,0
16688,12,0
17561,12,0
16688,12,0
16688,12,0
15395,12,0
17007,12,0
15317,12,0
15308,12,0
17511,12,0
15377,12,0
15324,12,0
15286,12,0
15280,12,0
15242,12,0
15281,12,0
16500,12,0
17370,12,0
15184,12,0
16478,12,0
17347,12,0
17346,12,0
16812,12,0
15173,12,0
16395,12,0
15103,12,0
16395,12,0
16395,12,0
15854,12,0
10865,12,0
14363,12,0
10897,12,0
10865,12,0
10893,12,0
10861,12,0
10895,12,0
10900,12,0
10860,12,0
17330,12,0
10878,12,0
10872,12,0
17329,12,0
10874,12,0
10870,12,0
10871,12,0
14387,12,0
17257,12,0
10870,12,0
14330,12,0
10864,12,0
17317,12,0
14463,12,0
10859,12,0
10858,12,0
17219,12,0
14379,12,0
17247,12,0
10859,12,0
17246,12,0
14376,12,0
10852,12,0
17340,12,0
17304,12,0
17236,12,0
17239,12,0
17304,12,0
17329,12,0
14361,12,0
17296,12,0
14289,12,0
17221,12,0
17219,12,0
17224,12,0
17244,12,0
17201,12,0
16782,12,0
16714,12,0
16779,12,0
13813,12,0
13812,12,0
13812,12,0
13810,12,0
13810,12,0
16752,12,0
16752,12,0
13831,12,0
13755,12,0
16753,12,0
16683,12,0
13850,12,0
16617,12,0
16647,12,0
16649,12,0
16579,12,0
16605,12,0
16607,12,0
16607,12,0
16604,12,0
16541,12,0
13789,12,0
13789,12,0
11306,12,0
11357,12,0
11297,12,0
11336,12,0
11324,12,0
11270,12,0
11238,12,0
11234,12,0
11234,12,0
11234,12,0
11233,12,0
11232,12,0
11235,12,0
11023,12,0
11020,12,0
20838,12,0
20840,12,0
15543,12,0
20836,12,0
15542,12,0
15578,12,0
20918,12,0
10879,12,0
11472,12,0
20806,12,0
20799,12,0
15357,12,0
20608,12,0
11274,12,0
12132,12,0
15310,12,0
11271,12,0
12096,12,0
23972,12,0
12095,12,0
12093,12,0
12094,12,0
23970,12,0
23974,12,0
23972,12,0
12165,12,0
12091,12,0
12180,12,0
20563,12,0
12091,12,0
12163,12,0
23826,12,0
23797,12,0
11781,12,0
11852,12,0
11674,12,0
22153,12,0
10345,12,0
10364,12,0
18721,12,0
10322,12,0
18719,12,0
18714,12,0
22059,12,0
10506,12,0
22025,12,0
22026,12,0
22028,12,0
18615,12,0
18552,12,0
21805,12,0
10237,12,0
21784,12,0
10044,12,0
10023,12,0
21751,12,0
21274,12,0
11836,12,0
26376,12,0
26373,12,0
21242,12,0
11874,12,0
26369,12,0
11873,12,0
11872,12,0
21237,12,0
26290,12,0
11873,12,0
21236,12,0
21235,12,0
26359,12,0
21326,12,0
26288,12,0
26428,12,0
26284,12,0
26358,12,0
20702,12,0
26148,12,0
20810,12,0
25601,12,0
25061,12,0
25043,12,0
25045,12,0
10898,12,0
24978,12,0
24943,12,0
10872,12,0
10781,12,0
19671,12,0
11023,12,0
10871,12,0
10825,12,0
25110,12,0
10620,12,0
10867,12,0
10986,12,0
24971,12,0
10620,12,0
25111,12,0
25041,12,0
25040,12,0
20004,12,0
10547,12,0
19912,12,0
25110,12,0
25085,12,0
20002,12,0
24955,12,0
19879,12,0
24809,12,0
15306,12,0
15331,12,0
15347,12,0
15364,12,0
15304,12,0
15345,12,0
15354,12,0
15344,12,0
15280,12,0
15278,12,0
32432,12,0
32504,12,0
15279,12,0
32384,12,0
15274,12,0
15329,12,0
23977,12,0
32425,12,0
15336,12,0
30396,12,0
18013,12,0
32382,12,0
30492,12,0
15269,12,0
32378,12,0
32420,12,0
32495,12,0
15322,12,0
32493,12,0
30388,12,0
23968,12,0
32416,12,0
23966,12,0
32488,12,0
32486,12,0
23966,12,0
24299,12,0
30381,12,0
32489,12,0
32487,12,0
32486,12,0
33475,12,0
15496,12,0
23961,12,0
23962,12,0
32410,12,0
33447,12,0
33238,12,0
33474,12,0
15492,12,0
33444,12,0
15492,12,0
33472,12,0
18321,12,0
33442,12,0
15490,12,0
15490,12,0
32478,12,0
33470,12,0
33439,12,0
23954,12,0
24286,12,0
24284,12,0
15254,12,0
33139,12,0
15154,12,0
33131,12,0
15155,12,0
15149,12,0
15151,12,0
33057,12,0
32890,12,0
32891,12,0
32891,12,0
23707,12,0
15026,12,0
23708,12,0
32890,12,0
14995,12,0
32818,12,0
32811,12,0
32819,12,0
23635,12,0
14952,12,0
23634,12,0
23632,12,0
32817,12,0
14972,12,0
32673,12,0
32677,12,0
32667,12,0
32675,12,0
23488,12,0
32673,12,0
23462,12,0
32645,12,0
23646,12,0
32647,12,0
32649,12,0
23589,12,0
32652,12,0
32647,12,0
32647,12,0
32643,12,0
23542,12,0
32521,12,0
22863,12,0
22824,12,0
31862,12,0
31865,12,0
22860,12,0
31817,12,0
31665,12,0
22665,12,0
22724,12,0
31664,12,0
13902,12,0
31663,12,0
22721,12,0
31662,12,0
31659,12,0
13853,12,0
31660,12,0
31662,12,0
22716,12,0
31658,12,0
22650,12,0
15767,12,0
15765,12,0
15747,12,0
15833,12,0
15786,12,0
15750,12,0
15755,12,0
15804,12,0
15721,12,0
15728,12,0
15838,12,0
15781,12,0
15713,12,0
15746,12,0
15921,12,0
15870,12,0
15668,12,0
15526,12,0
15562,12,0
15562,12,0
15769,12,0
15738,12,0
16045,12,0
15842,12,0
15736,12,0
13236,12,0
13413,12,0
34635,12,0
13199,12,0
27729,12,0
27772,12,0
27730,12,0
34599,12,0
34601,12,0
27770,12,0
13377,12,0
34596,12,0
34593,12,0
13409,12,0
13684,12,0
27767,12,0
27724,12,0
34594,12,0
27766,12,0
17885,12,0
17834,12,0
17881,12,0
17877,12,0
17875,12,0
17872,12,0
17869,12,0
17870,12,0
17873,12,0
17871,12,0
17861,12,0
17861,12,0
17862,12,0
17854,12,0
32639,12,0
32698,12,0
38991,12,0
17854,12,0
38937,12,0
38994,12,0
32639,12,0
17849,12,0
38988,12,0
32635,12,0
38993,12,0
32633,12,0
38623,12,0
38990,12,0
38708,12,0
32597,12,0
38963,12,0
12577,12,0
38620,12,0
38986,12,0
24067,12,0
39035,12,0
38985,12,0
38986,12,0
39022,12,0
39058,12,0
38981,12,0
32625,12,0
38983,12,0
39165,12,0
32588,12,0
38954,12,0
38975,12,0
39162,12,0
39017,12,0
32730,12,0
39095,12,0
39054,12,0
38977,12,0
17889,12,0
38974,12,0
39154,12,0
38973,12,0
32848,12,0
39040,12,0
38967,12,0
39084,12,0
39086,12,0
39039,12,0
39079,12,0
39040,12,0
32818,12,0
32838,12,0
39083,12,0
32715,12,0
32852,12,0
32715,12,0
39037,12,0
39141,12,0
18078,12,0
32850,12,0
38997,12,0
18065,12,0
39069,12,0
18065,12,0
18059,12,0
39059,12,0
18231,12,0
18056,12,0
18059,12,0
39060,12,0
39120,12,0
39180,12,0
39056,12,0
32830,12,0
39109,12,0
39165,12,0
24821,12,0
39107,12,0
39106,12,0
32738,12,0
39088,12,0
39027,12,0
18078,12,0
18035,12,0
39049,12,0
32692,12,0
39046,12,0
18093,12,0
38981,12,0
18089,12,0
18429,12,0
17917,12,0
17917,12,0
38977,12,0
39272,12,0
32691,12,0
39339,12,0
39041,12,0
18425,12,0
39338,12,0
33896,12,0
38975,12,0
39041,12,0
18423,12,0
18422,12,0
43685,12,0
39031,12,0
18023,12,0
43733,12,0
17910,12,0
17908,12,0
18021,12,0
43725,12,0
32758,12,0
38607,12,0
32759,12,0
18109,12,0
18075,12,0
23062,12,0
23085,12,0
3361,0,1
43611,12,0
38590,12,0
31691,12,0
43563,12,0
43695,12,0
23081,12,0
43630,12,0
23206,12,0
23077,12,0
23006,12,0
23003,12,0
43585,12,0
23002,12,0
43693,12,0
43654,12,0
38703,12,0
23772,12,0
43555,12,0
43531,12,0
43738,12,0
39233,12,0
43600,12,0
38111,12,0
23001,12,0
43688,12,0
43623,12,0
23262,12,0
23071,12,0
23345,12,0
38235,12,0
23131,12,0
43598,12,0
22994,12,0
43571,12,0
23342,12,0
43706,12,0
43619,12,0
43688,12,0
43730,12,0
43569,12,0
43546,12,0
43702,12,0
43640,12,0
32248,12,0
43541,12,0
43693,12,0
43683,12,0
38568,12,0
30839,12,0
23156,12,0
43721,12,0
3245,0,1
39089,12,0
43628,12,0
43624,12,0
43614,12,0
38980,12,0
2649,12,0
1588,12,0
43606,12,0
43583,12,0
1559,12,0
43573,12,0
1564,12,0
39035,12,0
43585,12,0
43576,12,0
38911,12,0
38889,12,0
24901,12,0
43521,12,0
38886,12,0
2681,12,0
481,12,0
24882,12,0
43494,12,0
24958,12,0
24855,12,0
447,12,0
24859,12,0
24857,12,0
24857,12,0
24955,12,0
24851,12,0
24806,12,0
458,12,0
24778,12,0
2780,12,0
2846,12,0
2852,12,0
24755,12,0
24716,12,0
24748,12,0
2820,12,0
2876,12,0
24744,12,0
24743,12,0
24735,12,0
28525,12,0
2935,12,0
28525,12,0
28554,12,0
28551,12,0
41033,12,0
28525,12,0
28495,12,0
28548,12,0
426,12,0
41131,12,0
43515,12,0
28520,12,0
43516,12,0
41026,12,0
3178,12,0
28521,12,0
43512,12,0
41109,12,0
3196,12,0
2927,12,0
3196,12,0
40952,12,0
40979,12,0
43511,12,0
28515,12,0
2924,12,0
43510,12,0
43511,12,0
3172,12,0
3194,12,0
3194,12,0
28785,12,0
43505,12,0
3191,12,0
425,12,0
41172,12,0
41117,12,0
41098,12,0
37339,12,0
3112,12,0
28528,12,0
41007,12,0
40784,12,0
3179,12,0
28524,12,0
41104,12,0
42884,12,0
3210,12,0
43489,12,0
42933,12,0
41098,12,0
3201,12,0
3175,12,0
3297,12,0
41123,12,0
43476,12,0
43474,12,0
3166,12,0
43468,12,0
5004,12,0
43471,12,0
43466,12,0
43461,12,0
42903,12,0
43441,12,0
42879,12,0
43415,12,0
43407,12,0
42847,12,0
43412,12,0
3323,12,0
3321,12,0
43011,12,0
28839,12,0
422,12,0
43401,12,0
43400,12,0
3224,12,0
43399,12,0
43396,12,0
42837,12,0
42836,12,0
42836,12,0
42835,12,0
4921,12,0
43396,12,0
43392,12,0
3308,12,0
449,12,0
43005,12,0
43378,12,0
3649,12,0
43371,12,0
3421,12,0
43376,12,0
43374,12,0
43376,12,0
3418,12,0
3419,12,0
3417,12,0
43369,12,0
43360,12,0
1557,12,0
43331,12,0
43002,12,0
28760,12,0
28744,12,0
1553,12,0
33314,12,0
1550,12,0
42869,12,0
42927,12,0
42830,12,0
24138,12,0
1566,12,0
38197,12,0
1547,12,0
38268,12,0
42841,12,0
42840,12,0
42771,12,0
1557,12,0
42771,12,0
24085,12,0
1547,12,0
42838,12,0
37666,12,0
38365,12,0
433,12,0
38251,12,0
23731,12,0
2186,12,0
42371,12,0
2185,12,0
42218,12,0
42211,12,0
42275,12,0
42203,12,0
482,12,0
42199,12,0
42329,12,0
2965,12,0
42100,12,0
42678,12,0
468,12,0
4760,12,0
42277,12,0
42623,12,0
461,12,0
460,12,0
41705,12,0
41813,12,0
37085,12,0
36982,12,0
442,12,0
36838,12,0
41481,12,0
41475,12,0
418,12,0
41330,12,0
41321,12,0
36712,12,0
41329,12,0
36783,12,0
36601,12,0
36599,12,0
468,12,0
41317,12,0
41291,12,0
22647,12,0
22638,12,0
453,12,0
41251,12,0
22631,12,0
22634,12,0
464,12,0
22631,12,0
435,12,0
446,12,0
22558,12,0
665,12,0
26512,12,0
41191,12,0
26498,12,0
41193,12,0
41192,12,0
1004,12,0
26555,12,0
41138,12,0
1415,12,0
41139,12,0
41136,12,0
40741,12,0
41139,12,0
1411,12,0
41135,12,0
40786,12,0
41135,12,0
1409,12,0
31229,12,0
1853,12,0
31221,12,0
41062,12,0
1815,12,0
41047,12,0
31452,12,0
41066,12,0
3593,12,0
1692,12,0
41406,12,0
1867,12,0
38425,12,0
25813,12,0
1639,12,0
40806,12,0
40805,12,0
1635,12,0
1907,12,0
1635,12,0
25838,12,0
25839,12,0
40803,12,0
1906,12,0
1903,12,0
38262,12,0
26014,12,0
2026,12,0
2018,12,0
40092,12,0
25979,12,0
40620,12,0
25882,12,0
1888,12,0
25895,12,0
40011,12,0
40473,12,0
1922,12,0
40390,12,0
34432,12,0
1829,12,0
1812,12,0
1811,12,0
40318,12,0
40318,12,0
40317,12,0
40321,12,0
1770,12,0
25615,12,0
40287,12,0
25586,12,0
25464,12,0
1681,12,0
1681,12,0
25471,12,0
40178,12,0
39519,12,0
39519,12,0
25387,12,0
1478,12,0
1438,12,0
39950,12,0
1473,12,0
39595,12,0
39946,12,0
39594,12,0
39619,12,0
1463,12,0
39619,12,0
1466,12,0
40127,12,0
4708,12,0
4706,12,0
40259,12,0
1175,12,0
39159,12,0
39274,12,0
1214,12,0
1213,12,0
5172,12,0
39136,12,0
39808,12,0
1202,12,0
39123,12,0
1203,12,0
1202,12,0
39122,12,0
1022,12,0
39387,12,0
39234,12,0
1120,12,0
984,12,0
956,12,0
1073,12,0
38877,12,0
38867,12,0
1065,12,0
38974,12,0
1169,12,0
1459,12,0
38872,12,0
1359,12,0
39228,12,0
1358,12,0
38643,12,0
39055,12,0
1342,12,0
39440,12,0
1476,12,0
1409,12,0
38613,12,0
1408,12,0
38613,12,0
35497,12,0
1432,12,0
1395,12,0
38601,12,0
1431,12,0
38754,12,0
38731,12,0
38597,12,0
1743,12,0
38576,12,0
1746,12,0
1388,12,0
38868,12,0
1702,12,0
39084,12,0
3694,12,0
4215,12,0
38919,12,0
38820,12,0
4515,12,0
1678,12,0
1694,12,0
38491,12,0
4511,12,0
1690,12,0
4362,12,0
38707,12,0
38491,12,0
38471,12,0
38490,12,0
1688,12,0
1688,12,0
1875,12,0
38456,12,0
38457,12,0
39008,12,0
4494,12,0
1653,12,0
4474,12,0
1870,12,0
38453,12,0
38454,12,0
1868,12,0
4490,12,0
38452,12,0
31877,12,0
38668,12,0
2335,12,0
2330,12,0
38409,12,0
2328,12,0
38658,12,0
23258,12,0
39174,12,0
2357,12,0
2324,12,0
38383,12,0
4393,12,0
38374,12,0
39123,12,0
2317,12,0
2314,12,0
4129,12,0
38660,12,0
2685,12,0
38323,12,0
2644,12,0
2641,12,0
2640,12,0
38256,12,0
38988,12,0
2611,12,0
4011,12,0
3946,12,0
38737,12,0
2385,12,0
28481,12,0
28481,12,0
2793,12,0
28462,12,0
28460,12,0
28293,12,0
2792,12,0
28490,12,0
28491,12,0
2331,12,0
2787,12,0
28370,12,0
28487,12,0
2759,12,0
28595,12,0
2755,12,0
28595,12,0
28457,12,0
2735,12,0
4157,12,0
38215,12,0
38178,12,0
4136,12,0
38091,12,0
2724,12,0
38190,12,0
38230,12,0
38450,12,0
2628,12,0
2557,12,0
3993,12,0
38563,12,0
38146,12,0
37926,12,0
38060,12,0
2552,12,0
2830,12,0
38215,12,0
2825,12,0
37824,12,0
37683,12,0
37322,12,0
3088,12,0
2485,12,0
37532,12,0
2483,12,0
2913,12,0
37851,12,0
37231,12,0
2951,12,0
2951,12,0
37625,12,0
37177,12,0
36884,12,0
37668,12,0
2687,12,0
37409,12,0
36811,12,0
2646,12,0
2645,12,0
2652,12,0
37566,12,0
37333,12,0
2427,12,0
2440,12,0
2097,12,0
29694,12,0
2058,12,0
2056,12,0
2053,12,0
2028,12,0
29654,12,0
1942,12,0
1887,12,0
29253,12,0
29248,12,0
1740,12,0
1729,12,0
1744,12,0
1524,12,0
29033,12,0
29100,12,0
1511,12,0
1541,12,0
29030,12,0
1521,12,0
28988,12,0
29000,12,0
1521,12,0
1357,12,0
28635,12,0
1356,12,0
28703,12,0
28543,12,0
28477,12,0
1106,12,0
35089,12,0
846,12,0
28009,12,0
763,12,0
34534,12,0
34247,12,0
27942,12,0
816,12,0
34167,12,0
34684,12,0
1016,12,0
34159,12,0
988,12,0
29540,12,0
29539,12,0
968,12,0
29646,12,0
967,12,0
29479,12,0
1038,12,0
1013,12,0
29437,12,0
29432,12,0
1198,12,0
988,12,0
29513,12,0
29422,12,0
1183,12,0
1183,12,0
29416,12,0
29534,12,0
1181,12,0
1182,12,0
29419,12,0
29514,12,0
979,12,0
1296,12,0
1284,12,0
29479,12,0
34776,12,0
1271,12,0
1146,12,0
34732,12,0
34809,12,0
34034,12,0
1279,12,0
1297,12,0
34428,12,0
1434,12,0
34813,12,0
34009,12,0
34005,12,0
34029,12,0
1465,12,0
1440,12,0
34618,12,0
33996,12,0
1390,12,0
1411,12,0
34642,12,0
34716,12,0
1395,12,0
34410,12,0
1383,12,0
1383,12,0
1382,12,0
29364,12,0
1412,12,0
1437,12,0
29297,12,0
34337,12,0
34379,12,0
1409,12,0
1435,12,0
1435,12,0
34150,12,0
34511,12,0
29249,12,0
2108,12,0
34192,12,0
2088,12,0
33715,12,0
29378,12,0
2080,12,0
2042,12,0
1996,12,0
33514,12,0
34297,12,0
1866,12,0
1605,12,0
28900,12,0
34056,12,0
1585,12,0
1674,12,0
1794,12,0
1478,12,0
28436,12,0
33778,12,0
33794,12,0
28520,12,0
1647,12,0
28430,12,0
1712,12,0
1472,12,0
33067,12,0
1650,12,0
1677,12,0
1469,12,0
33630,12,0
1550,12,0
1456,12,0
1446,12,0
33584,12,0
33502,12,0
1454,12,0
32882,12,0
28292,12,0
1434,12,0
32944,12,0
33449,12,0
1412,12,0
1261,12,0
32763,12,0
1231,12,0
1194,12,0
1194,12,0
28200,12,0
33253,12,0
1182,12,0
28001,12,0
32442,12,0
1082,12,0
32848,12,0
1041,12,0
1041,12,0
749,12,0
27239,12,0
1098,12,0
747,12,0
27139,12,0
27297,12,0
1219,12,0
27295,12,0
745,12,0
1223,12,0
1204,12,0
31600,12,0
32171,12,0
31607,12,0
32287,12,0
27291,12,0
808,12,0
1219,12,0
761,12,0
1195,12,0
1213,12,0
32186,12,0
1356,12,0
1458,12,0
31544,12,0
32228,12,0
27317,12,0
1295,12,0
1294,12,0
1402,12,0
31485,12,0
32184,12,0
31506,12,0
31922,12,0
32055,12,0
1372,12,0
1452,12,0
31999,12,0
32108,12,0
1434,12,0
1419,12,0
31648,12,0
1602,12,0
1583,12,0
31898,12,0
32094,12,0
1546,12,0
1571,12,0
31592,12,0
32024,12,0
1545,12,0
27127,12,0
1534,12,0
1522,12,0
32014,12,0
31468,12,0
31796,12,0
31927,12,0
1528,12,0
1528,12,0
31647,12,0
32004,12,0
1560,12,0
1487,12,0
1474,12,0
1338,12,0
26884,12,0
28440,12,0
1197,12,0
30533,12,0
1199,12,0
30155,12,0
1059,12,0
1035,12,0
30097,12,0
1020,12,0
30074,12,0
1016,12,0
30054,12,0
861,12,0
928,12,0
847,12,0
818,12,0
29840,12,0
749,12,0
749,12,0
29750,12,0
29702,12,0
29675,12,0
681,12,0
29669,12,0
1114,12,0
30550,12,0
1108,12,0
29530,12,0
1149,12,0
29523,12,0
29497,12,0
1081,12,0
29440,12,0
30563,12,0
29472,12,0
1099,12,0
1097,12,0
1069,12,0
30554,12,0
1151,12,0
1044,12,0
30223,12,0
30228,12,0
1035,12,0
30273,12,0
30182,12,0
1104,12,0
1081,12,0
30370,12,0
1088,12,0
30245,12,0
1080,12,0
30253,12,0
1085,12,0
30362,12,0
30149,12,0
30355,12,0
1087,12,0
1086,12,0
29390,12,0
1081,12,0
1060,12,0
988,12,0
943,12,0
29616,0,2
878,12,0
29094,12,0
29613,0,2
29979,12,0
848,12,0
30059,12,0
29580,0,2
29995,12,0
29985,12,0
28925,12,0
440,12,0
426,12,0
29493,12,0
444,12,0
28411,12,0
430,12,0
28929,0,2
29382,12,0
29306,12,0
29133,12,0
28856,12,0
457,12,0
29363,12,0
434,12,0
28827,0,2
28322,12,0
469,12,0
421,12,0
28785,0,2
29194,12,0
654,12,0
650,12,0
545,12,0
28866,12,0
592,12,0
28659,12,0
27908,12,0
547,12,0
569,12,0
28591,12,0
440,12,0
436,12,0
449,12,0
490,12,0
436,12,0
473,12,0
27993,12,0
430,12,0
27053,12,0
26926,12,0
26915,12,0
27424,12,0
26715,12,0
26321,12,0
26281,12,0
26280,12,0
442,12,0
466,12,0
26277,12,0
425,12,0
427,12,0
26276,12,0
434,12,0
26276,12,0
26276,12,0
26274,12,0
447,12,0
459,12,0
423,12,0
458,12,0
26551,12,0
26017,12,0
434,12,0
439,12,0
26016,12,0
26854,12,0
433,12,0
426,12,0
26013,12,0
26012,12,0
485,12,0
25902,12,0
485,12,0
482,12,0
26403,12,0
471,12,0
507,12,0
451,12,0
498,12,0
25843,12,0
26673,12,0
449,12,0
456,12,0
26488,12,0
484,12,0
481,12,0
486,12,0
26542,12,0
463,12,0
26343,12,0
26221,12,0
465,12,0
471,12,0
440,12,0
25766,12,0
419,12,0
642,12,0
26069,12,0
25418,12,0
629,12,0
26038,12,0
610,12,0
617,12,0
673,12,0
26004,12,0
25333,12,0
561,12,0
651,12,0
606,12,0
26063,12,0
26135,12,0
639,12,0
630,12,0
25719,12,0
605,12,0
25664,12,0
25864,12,0
25092,12,0
1043,12,0
25638,12,0
948,12,0
948,12,0
948,12,0
1001,12,0
25804,12,0
25812,12,0
950,12,0
25787,12,0
946,12,0
727,12,0
25294,12,0
827,12,0
925,12,0
25622,12,0
942,12,0
25352,12,0
949,12,0
25619,12,0
1043,12,0
25619,12,0
1039,12,0
934,12,0
25329,12,0
25423,12,0
1026,12,0
25609,12,0
1075,12,0
25481,12,0
1075,12,0
25556,12,0
1072,12,0
1099,12,0
1072,12,0
25554,12,0
1044,12,0
1054,12,0
25333,12,0
1261,12,0
25515,12,0
1261,12,0
1295,12,0
1278,12,0
1278,12,0
1353,12,0
1237,12,0
24953,0,2
25404,12,0
25322,12,0
25168,12,0
25424,12,0
1235,12,0
1231,12,0
1348,12,0
25426,12,0
1399,12,0
1397,12,0
1278,12,0
1314,12,0
24544,12,0
24666,12,0
1351,12,0
1095,12,0
1094,12,0
24762,12,0
1322,12,0
24326,12,0
24680,12,0
1352,12,0
1432,12,0
1344,12,0
1328,12,0
1241,12,0
1327,12,0
23695,12,0
1350,12,0
1347,12,0
1350,12,0
24277,12,0
24420,12,0
1320,12,0
1152,12,0
1152,12,0
1237,12,0
1235,12,0
1138,12,0
28994,12,0
24134,12,0
1209,12,0
1200,12,0
1136,12,0
1189,12,0
28804,12,0
1177,12,0
1051,12,0
1053,12,0
1051,12,0
1002,12,0
1002,12,0
957,12,0
951,12,0
951,12,0
1141,12,0
1140,12,0
1141,12,0
1035,12,0
1033,12,0
1031,12,0
1029,12,0
1004,12,0
1149,12,0
1101,12,0
1143,12,0
1100,12,0
1086,12,0
1127,12,0
1074,12,0
1028,12,0
1013,12,0
990,12,0
1051,12,0
1040,12,0
1127,12,0
1126,12,0
1235,12,0
1075,12,0
996,12,0
1025,12,0
1250,12,0
1299,12,0
1044,12,0
1043,12,0
1043,12,0
1343,12,0
1042,12,0
1265,12,0
1214,12,0
1219,12,0
1219,12,0
1214,12,0
1354,12,0
1151,12,0
1353,12,0
1310,12,0
1440,12,0
1412,12,0
1409,12,0
1432,12,0
1408,12,0
1401,12,0
1361,12,0
1378,12,0
1342,12,0
1633,12,0
1630,12,0
1337,12,0
1336,12,0
2541,12,0
1564,12,0
1563,12,0
1498,12,0
1613,12,0
1613,12,0
1600,12,0
1590,12,0
1563,12,0
1512,12,0
1700,12,0
1703,12,0
1679,12,0
1679,12,0
1679,12,0
1679,12,0
1914,12,0
1844,12,0
1800,12,0
1887,12,0
1772,12,0
1810,12,0
1807,12,0
1794,12,0
1768,12,0
1703,12,0
1703,12,0
2081,12,0
1926,12,0
1853,12,0
1735,12,0
1890,12,0
2032,12,0
1962,12,0
2031,12,0
1887,12,0
2032,12,0
2030,12,0
1868,12,0
1997,12,0
1997,12,0
2027,12,0
2057,12,0
2059,12,0
1959,12,0
1998,12,0
1959,12,0
1820,12,0
1795,12,0
1855,12,0
1785,12,0
2355,12,0
2356,12,0
2394,12,0
2309,12,0
2309,12,0
2309,12,0
2308,12,0
2245,12,0
4566,12,0
2332,12,0
4173,12,0
4512,12,0
2483,12,0
4512,12,0
2329,12,0
2479,12,0
4509,12,0
4588,12,0
2479,12,0
4167,12,0
2566,12,0
2565,12,0
4166,12,0
4166,12,0
2476,12,0
4584,12,0
4163,12,0
4559,12,0
2560,12,0
4506,12,0
4405,12,0
4407,12,0
3990,12,0
5248,12,0
4346,12,0
5248,12,0
3926,12,0
4269,12,0
2962,12,0
3572,12,0
2953,12,0
3429,12,0
3369,12,0
3369,12,0
3502,12,0
2830,12,0
2828,12,0
2831,12,0
3437,12,0
2828,12,0
3205,12,0
3132,12,0
3133,12,0
5367,12,0
2976,12,0
5314,12,0
5313,12,0
3213,12,0
3186,12,0
3181,12,0
3176,12,0
3169,12,0
3175,12,0
3222,12,0
3934,12,0
3894,12,0
3894,12,0
3862,12,0
3933,12,0
3880,12,0
3850,12,0
3850,12,0
3836,12,0
3852,12,0
3743,12,0
3698,12,0
3714,12,0
3643,12,0
4373,12,0
3672,12,0
3784,12,0
3910,12,0
4334,12,0
4333,12,0
4329,12,0
3699,12,0
4329,12,0
3698,12,0
4331,12,0
4227,12,0
4551,12,0
4553,12,0
4549,12,0
4549,12,0
4500,12,0
4496,12,0
4494,12,0
4494,12,0
4405,12,0
4296,12,0
4403,12,0
4347,12,0
4426,12,0
4453,12,0
4381,12,0
4695,12,0
4333,12,0
4332,12,0
8047,12,0
4509,12,0
5338,12,0
8694,12,0
7514,12,0
5251,12,0
4093,12,0
6229,12,0
6020,12,0
6021,12,0
6021,12,0
6022,12,0
6078,12,0
5997,12,0
7649,12,0
5998,12,0
6074,12,0
8562,12,0
6076,12,0
5993,12,0
6073,12,0
6077,12,0
6094,12,0
8173,12,0
8173,12,0
8175,12,0
5999,12,0
9723,12,0
6086,12,0
5998,12,0
9724,12,0
9753,12,0
6095,12,0
5996,12,0
6092,12,0
9718,12,0
5994,12,0
8554,12,0
9718,12,0
6067,12,0
6064,12,0
7636,12,0
8169,12,0
9718,12,0
6089,12,0
6089,12,0
9715,12,0
9715,12,0
6084,12,0
9712,12,0
6088,12,0
5742,12,0
5740,12,0
5740,12,0
5715,12,0
5714,12,0
5741,12,0
5624,12,0
7686,12,0
9322,12,0
9295,12,0
5492,12,0
5458,12,0
9747,12,0
9293,12,0
7657,12,0
9271,12,0
9781,12,0
5431,12,0
9270,12,0
9270,12,0
9269,12,0
6111,12,0
6079,12,0
6074,12,0
6076,12,0
6210,12,0
5992,12,0
6302,12,0
11198,12,0
5973,12,0
6160,12,0
5971,12,0
11163,12,0
5961,12,0
5962,12,0
6524,12,0
11165,12,0
11145,12,0
6130,12,0
6264,12,0
11162,12,0
11120,12,0
8688,12,0
11113,12,0
6220,12,0
11114,12,0
11115,12,0
6474,12,0
6204,12,0
8760,12,0
6204,12,0
6305,12,0
8687,12,0
8680,12,0
8602,12,0
6853,12,0
6828,12,0
10822,12,0
6808,12,0
6784,12,0
6807,12,0
6758,12,0
6783,12,0
6820,12,0
6776,12,0
6783,12,0
6793,12,0
6781,12,0
6802,12,0
6897,12,0
6757,12,0
6737,12,0
6784,12,0
6755,12,0
7360,12,0
7362,12,0
7361,12,0
7359,12,0
7425,12,0
7348,12,0
7423,12,0
7423,12,0
7430,12,0
7345,12,0
7407,12,0
7395,12,0
7366,12,0
7368,12,0
7347,12,0
7252,12,0
7305,12,0
7307,12,0
7311,12,0
7222,12,0
7184,12,0
7185,12,0
6852,12,0
6677,12,0
6849,12,0
6679,12,0
6674,12,0
6675,12,0
10936,12,0
8691,12,0
12681,12,0
8691,12,0
11786,12,0
12682,12,0
12680,12,0
8688,12,0
12629,12,0
8637,12,0
12628,12,0
11733,12,0
11732,12,0
12585,12,0
12609,12,0
12595,12,0
12575,12,0
12573,12,0
11654,12,0
12479,12,0
11628,12,0
11629,12,0
11629,12,0
12195,12,0
8262,12,0
8131,12,0
7995,12,0
11927,12,0
7987,12,0
7957,12,0
11890,12,0
7956,12,0
7985,12,0
7901,12,0
7852,12,0
7848,12,0
10888,12,0
5215,12,0
7760,12,0
11659,12,0
10754,12,0
7745,12,0
7743,12,0
7786,12,0
10752,12,0
7737,12,0
11562,12,0
7658,12,0
11365,12,0
7508,12,0
9541,12,0
6529,12,0
6530,12,0
6571,12,0
6569,12,0
10428,12,0
6567,12,0
7080,12,0
7078,12,0
7125,12,0
7001,12,0
6999,12,0
6984,12,0
12844,12,0
6983,12,0
14873,12,0
7047,12,0
6995,12,0
14872,12,0
6994,12,0
7111,12,0
6990,12,0
12834,12,0
7037,12,0
6918,12,0
6918,12,0
6917,12,0
7373,12,0
14791,12,0
7370,12,0
14749,12,0
7368,12,0
10505,12,0
7355,12,0
9189,12,0
9189,12,0
9186,12,0
9188,12,0
9185,12,0
9186,12,0
9184,12,0
9182,12,0
9183,12,0
9177,12,0
9173,12,0
9176,12,0
9175,12,0
9039,12,0
9039,12,0
15442,12,0
9037,12,0
15439,12,0
11768,12,0
15496,12,0
11837,12,0
11855,12,0
15438,12,0
15437,12,0
15423,12,0
15461,12,0
11085,12,0
14682,12,0
14687,12,0
14630,12,0
14609,12,0
14678,12,0
10957,12,0
11639,12,0
8208,12,0
8203,12,0
14492,12,0
11565,12,0
7995,12,0
11458,12,0
7913,12,0
8101,12,0
8183,12,0
8175,12,0
8046,12,0
8050,12,0
7928,12,0
7934,12,0
7931,12,0
7926,12,0
7404,12,0
7403,12,0
7398,12,0
7398,12,0
7396,12,0
9115,12,0
9034,12,0
9062,12,0
9027,12,0
9255,12,0
9255,12,0
9241,12,0
459,12,0
9066,12,0
9225,12,0
9223,12,0
9219,12,0
9218,12,0
9218,12,0
9203,12,0
9189,12,0
17991,12,0
17911,12,0
17891,12,0
19249,12,0
19164,12,0
19254,12,0
17587,12,0
467,12,0
18639,12,0
18322,12,0
436,12,0
18354,12,0
8140,12,0
18402,12,0
16929,12,0
18288,12,0
16929,12,0
8457,12,0
8492,12,0
420,12,0
8492,12,0
8488,12,0
8489,12,0
8392,12,0
8303,12,0
8317,12,0
8273,12,0
8315,12,0
18312,12,0
8272,12,0
8272,12,0
8271,12,0
18402,12,0
8269,12,0
469,12,0
11292,12,0
427,12,0
11176,12,0
11284,12,0
11202,12,0
11173,12,0
11081,12,0
11172,12,0
11201,12,0
11200,12,0
11149,12,0
437,12,0
11207,12,0
11127,12,0
11124,12,0
11125,12,0
11318,12,0
11123,12,0
11123,12,0
18623,12,0
17877,12,0
471,12,0
470,12,0
450,12,0
11184,12,0
18452,12,0
18452,12,0
17784,12,0
470,12,0
17874,12,0
17763,12,0
11181,12,0
11195,12,0
18496,12,0
18473,12,0
17641,12,0
17704,12,0
18393,12,0
17612,12,0
17613,12,0
461,12,0
18389,12,0
17702,12,0
11137,12,0
17595,12,0
11137,12,0
17537,12,0
443,12,0
18215,12,0
18193,12,0
18184,12,0
18112,12,0
18094,12,0
10955,12,0
17404,12,0
10890,12,0
18083,12,0
18083,12,0
10881,12,0
17993,12,0
17240,12,0
10770,12,0
448,12,0
10742,12,0
10735,12,0
17927,12,0
10715,12,0
456,12,0
17228,12,0
17165,12,0
17905,12,0
17906,12,0
17904,12,0
17903,12,0
17850,12,0
449,12,0
17905,12,0
10711,12,0
10712,12,0
17905,12,0
17181,12,0
17864,12,0
17145,12,0
17122,12,0
10663,12,0
17835,12,0
421,12,0
17830,12,0
17776,12,0
18107,12,0
18111,12,0
17950,12,0
17915,12,0
17124,12,0
431,12,0
17156,12,0
17884,12,0
17908,12,0
17787,12,0
17121,12,0
17786,12,0
458,12,0
434,12,0
17902,12,0
17902,12,0
17201,12,0
17111,12,0
17201,12,0
17072,12,0
17899,12,0
17818,12,0
434,12,0
17764,12,0
17143,12,0
17030,12,0
17784,12,0
17759,12,0
17783,12,0
17136,12,0
17137,12,0
17026,12,0
17834,12,0
17025,12,0
435,12,0
17846,12,0
17040,12,0
458,12,0
17117,12,0
17723,12,0
17725,12,0
16991,12,0
17654,12,0
16956,12,0
17743,12,0
17475,12,0
16934,12,0
17631,12,0
17609,12,0
428,12,0
17713,12,0
16910,12,0
17747,12,0
17588,12,0
448,12,0
17646,12,0
16840,12,0
17680,12,0
17540,12,0
10398,12,0
14896,12,0
14894,12,0
17536,12,0
14956,12,0
442,12,0
14956,12,0
14891,12,0
428,12,0
14852,12,0
14828,12,0
18910,12,0
18911,12,0
1964,12,0
14814,12,0
1964,12,0
17020,12,0
1789,12,0
14842,12,0
1907,12,0
433,12,0
17022,12,0
1746,12,0
450,12,0
14725,12,0
1892,12,0
1949,12,0
16887,12,0
16856,12,0
2427,12,0
1947,12,0
16824,12,0
16853,12,0
18644,12,0
427,12,0
2346,12,0
18560,12,0
18559,12,0
16716,12,0
18470,12,0
2740,12,0
18372,12,0
14235,12,0
479,12,0
14171,12,0
445,12,0
476,12,0
542,12,0
13904,12,0
13841,12,0
13838,12,0
505,12,0
538,12,0
13835,12,0
511,12,0
696,12,0
13835,12,0
16076,12,0
13835,12,0
839,12,0
839,12,0
13834,12,0
733,12,0
691,12,0
775,12,0
13832,12,0
13832,12,0
13868,12,0
911,12,0
911,12,0
13820,12,0
688,12,0
926,12,0
13830,12,0
876,12,0
13827,12,0
13825,12,0
647,12,0
921,12,0
15708,12,0
17531,12,0
1305,12,0
13618,12,0
17440,12,0
1694,12,0
1185,12,0
15565,12,0
13181,12,0
17226,12,0
15413,12,0
13252,12,0
15349,12,0
2001,12,0
17215,12,0
1667,12,0
13303,12,0
1989,12,0
1992,12,0
1989,12,0
13303,12,0
13236,12,0
1987,12,0
17208,12,0
2029,12,0
13188,12,0
13251,12,0
1987,12,0
1948,12,0
13125,12,0
13118,12,0
1936,12,0
1924,12,0
1922,12,0
13064,12,0
13091,12,0
13092,12,0
2471,12,0
3074,12,0
12977,12,0
3146,12,0
2902,12,0
2830,12,0
2802,12,0
12950,12,0
2808,12,0
12971,12,0
15181,12,0
13043,12,0
2794,12,0
13933,12,0
12961,12,0
2975,12,0
13914,12,0
3220,12,0
13912,12,0
2973,12,0
13961,12,0
3203,12,0
3793,12,0
3214,12,0
13893,12,0
3040,12,0
13880,12,0
3167,12,0
3271,12,0
1932,12,0
13360,12,0
13362,12,0
2675,0,2
2595,12,0
2345,12,0
12851,12,0
2179,12,0
2236,12,0
2261,12,0
2046,12,0
12360,12,0
12407,12,0
12361,12,0
2221,12,0
2148,12,0
12359,12,0
2054,12,0
12358,12,0
12957,12,0
12956,12,0
2014,12,0
1985,12,0
1985,12,0
12874,12,0
2044,12,0
2028,12,0
2042,12,0
12939,12,0
12909,12,0
1982,12,0
12940,12,0
12940,12,0
12916,12,0
2017,12,0
15109,12,0
4055,12,0
4222,12,0
12913,12,0
15102,12,0
2016,12,0
12913,12,0
2280,12,0
4053,12,0
12912,12,0
1249,12,0
15096,12,0
2892,12,0
12911,12,0
2888,12,0
2008,12,0
2866,12,0
15030,12,0
4023,12,0
4024,12,0
2201,12,0
15032,12,0
12905,12,0
4058,12,0
12902,12,0
12903,12,0
15084,12,0
4054,12,0
15024,12,0
3612,12,0
14900,12,0
12773,12,0
4059,12,0
3905,12,0
14989,12,0
2756,12,0
14989,12,0
14853,12,0
2755,12,0
14960,12,0
14857,12,0
4042,12,0
14850,12,0
4052,12,0
4032,12,0
3542,12,0
14896,12,0
14827,12,0
3856,12,0
14895,12,0
14830,12,0
14961,12,0
14810,12,0
14880,12,0
14924,12,0
3514,12,0
3515,12,0
694,0,2
3986,12,0
14874,12,0
3985,12,0
14870,12,0
1084,12,0
14786,12,0
3983,12,0
14889,12,0
3974,12,0
2256,12,0
14873,12,0
14782,12,0
14897,12,0
1793,12,0
14859,12,0
14880,12,0
3730,12,0
3949,12,0
3971,12,0
3930,12,0
3460,12,0
1836,12,0
3955,12,0
14858,12,0
3985,12,0
3996,12,0
1049,12,0
14841,12,0
3939,12,0
3951,12,0
1128,12,0
14850,12,0
3707,12,0
14741,12,0
3985,12,0
14738,12,0
3958,12,0
14736,12,0
14828,12,0
1034,12,0
14735,12,0
3736,12,0
943,12,0
3965,12,0
3977,12,0
3705,12,0
14832,12,0
3926,12,0
1023,12,0
2422,12,0
1875,12,0
14819,12,0
14825,12,0
14711,12,0
1833,12,0
3926,12,0
14821,12,0
12616,12,0
12609,12,0
14699,12,0
3918,12,0
2439,12,0
14696,12,0
14751,12,0
1865,12,0
3700,12,0
14834,12,0
1816,12,0
14763,12,0
12581,12,0
1839,12,0
886,12,0
1799,12,0
14669,12,0
14798,12,0
12558,12,0
14663,12,0
12470,12,0
855,12,0
2026,12,0
1720,12,0
12466,12,0
1932,12,0
1717,12,0
797,12,0
1716,12,0
14629,12,0
843,12,0
1930,12,0
12463,12,0
14546,12,0
