RequestTime, Features, ErrorCode
20034,12,0
16111,12,0
18939,12,0
21801,12,0
21189,12,0
15681,12,0
20289,12,0
21795,0,2
21245,12,0
18869,12,0
13324,12,0
18850,12,0
18960,12,0
21178,12,0
18925,12,0
22050,12,0
21208,12,0
17929,12,0
21704,12,0
21141,12,0
18997,12,0
18967,12,0
21774,12,0
11274,12,0
20248,12,0
21248,12,0
21202,12,0
20494,12,0
22023,12,0
19772,12,0
19408,0,2
21794,12,0
21139,12,0
22041,12,0
12720,12,0
21999,12,0
22023,12,0
21797,12,0
13248,12,0
19681,12,0
21974,12,0
16642,12,0
22037,12,0
21208,12,0
22037,12,0
22018,12,0
19783,12,0
20010,12,0
13399,12,0
21111,12,0
19328,12,0
21235,12,0
22018,0,2
19763,12,0
20044,12,0
18976,12,0
19859,0,2
21236,12,0
18885,12,0
19347,12,0
17083,12,0
17289,12,0
21227,12,0
18951,12,0
21162,12,0
21150,12,0
18991,12,0
22027,12,0
21766,0,2
21766,0,2
19647,12,0
13404,12,0
21989,12,0
21103,12,0
18926,12,0
22042,12,0
19253,12,0
19392,0,2
19294,12,0
21161,12,0
20052,12,0
22022,12,0
18904,12,0
18931,12,0
22009,12,0
6478,12,0
21973,12,0
21235,12,0
21216,12,0
21960,12,0
18912,12,0
12718,12,0
12709,12,0
22076,12,0
17546,12,0
19418,12,0
21156,12,0
22020,12,0
21132,12,0
15674,12,0
21122,12,0
22039,0,2
15962,12,0
12191,12,0
18908,12,0
20524,12,0
19621,12,0
21175,12,0
21797,0,2
19374,0,2
22006,12,0
19599,12,0
18882,12,0
22067,12,0
21161,12,0
18950,12,0
19416,12,0
21203,12,0
21989,12,0
22067,12,0
21182,12,0
22066,12,0
22014,12,0
18936,12,0
15641,12,0
20001,12,0
18386,12,0
19787,12,0
22043,12,0
19405,0,2
21092,12,0
22056,12,0
21176,12,0
18819,12,0
18880,12,0
19357,0,2
19752,12,0
21228,12,0
18933,12,0
21793,12,0
22021,0,2
21978,12,0
22028,12,0
22050,12,0
18929,12,0
22046,12,0
18894,12,0
13452,12,0
21235,12,0
20150,12,0
22050,12,0
21971,12,0
22032,12,0
21971,0,2
18523,12,0
18947,12,0
19002,12,0
21751,0,2
21978,12,0
18916,12,0
16330,12,0
21979,12,0
22044,0,2
22055,12,0
19576,12,0
18937,12,0
21089,12,0
22020,12,0
15661,12,0
18851,12,0
22018,0,2
21097,12,0
20146,12,0
21152,12,0
19468,12,0
22031,12,0
22034,12,0
21947,12,0
21253,12,0
21999,0,2
22008,12,0
21178,12,0
22004,12,0
22052,12,0
21150,12,0
20585,12,0
22044,12,0
21796,12,0
22036,12,0
19415,12,0
20193,12,0
20187,12,0
18908,12,0
21244,12,0
22030,12,0
21194,12,0
11262,12,0
22074,12,0
19755,12,0
18906,12,0
18555,12,0
18897,12,0
21136,12,0
21971,12,0
19314,12,0
19355,12,0
18917,12,0
22049,12,0
20055,12,0
22073,12,0
18978,12,0
15672,12,0
18918,12,0
19611,12,0
21739,0,2
22077,12,0
21967,12,0
22048,12,0
21244,12,0
22037,0,2
17628,12,0
19003,12,0
21978,12,0
18865,12,0
20368,12,0
20544,12,0
17546,12,0
20387,12,0
20463,12,0
18849,12,0
19319,0,2
18983,12,0
19378,0,2
18519,12,0
18993,12,0
21153,12,0
19291,0,2
18862,12,0
18908,12,0
22015,12,0
18907,12,0
21236,12,0
20287,12,0
22058,0,2
19388,0,2
21984,12,0
21989,12,0
11781,12,0
22042,12,0
22018,12,0
22057,0,2
21717,12,0
22010,12,0
21710,12,0
19621,12,0
20522,12,0
19378,0,2
22033,12,0
21066,12,0
18890,12,0
20171,12,0
16052,12,0
19417,0,2
21185,12,0
19485,12,0
9270,12,0
19620,12,0
22061,0,2
16211,12,0
20233,12,0
22048,12,0
22054,12,0
22018,12,0
22030,12,0
18907,12,0
21085,12,0
18922,12,0
19644,12,0
19298,12,0
20349,12,0
20194,12,0
12839,12,0
19978,12,0
22008,0,2
21139,12,0
22007,12,0
16234,12,0
15867,12,0
21158,12,0
20129,12,0
21110,12,0
6578,12,0
19882,12,0
21241,12,0
20294,12,0
20019,12,0
22003,0,2
21788,0,2
19379,12,0
6460,12,0
20546,12,0
22038,12,0
22033,0,2
19432,12,0
18877,12,0
18858,12,0
22041,0,2
19390,0,2
20057,12,0
21085,12,0
21981,0,2
22016,12,0
22015,12,0
21999,12,0
21984,12,0
20547,12,0
19950,12,0
21796,12,0
18524,12,0
21168,12,0
19394,0,2
22036,12,0
21123,12,0
20307,12,0
21254,12,0
20473,12,0
21154,12,0
22016,0,2
19420,0,2
19385,0,2
20232,12,0
21995,12,0
19370,0,2
22052,12,0
20330,12,0
22045,12,0
21966,0,2
21155,12,0
21939,12,0
21179,12,0
15839,12,0
21748,12,0
22044,0,2
19286,12,0
19673,12,0
21724,12,0
19295,12,0
22024,12,0
21746,12,0
18990,12,0
19440,0,2
18914,12,0
22009,0,2
18356,12,0
21765,12,0
22018,12,0
19393,0,2
21171,12,0
21952,12,0
18827,12,0
18833,12,0
12812,12,0
13255,12,0
21703,12,0
18814,12,0
19387,0,2
15654,12,0
20215,12,0
19414,0,2
21236,12,0
21798,0,2
21247,12,0
21997,12,0
19318,12,0
19425,0,2
21097,12,0
18881,12,0
18966,12,0
11508,12,0
18960,12,0
21801,0,2
22056,0,2
20299,12,0
21968,12,0
21934,12,0
21778,0,2
21797,12,0
18961,12,0
18541,12,0
18929,12,0
18906,12,0
19423,12,0
12965,12,0
19587,12,0
20171,12,0
18911,12,0
22048,12,0
18833,12,0
21945,0,2
22016,12,0
18925,12,0
21099,12,0
22021,12,0
21792,12,0
18223,12,0
21804,0,2
22010,0,2
20292,12,0
11414,12,0
18931,12,0
20097,12,0
19387,0,2
18869,12,0
19258,0,2
18874,12,0
18979,12,0
19332,12,0
18993,12,0
22075,12,0
18457,12,0
16170,12,0
15957,12,0
20413,12,0
21971,12,0
22047,12,0
18968,12,0
20041,12,0
22057,12,0
19375,0,2
18967,12,0
22036,12,0
19314,12,0
19281,0,2
18889,12,0
18834,12,0
19342,0,2
18965,12,0
18919,12,0
20439,12,0
18057,12,0
18443,12,0
21194,12,0
22021,12,0
18880,12,0
18918,12,0
15997,12,0
21961,12,0
22022,12,0
21166,12,0
18528,12,0
22040,0,2
21784,12,0
19351,0,2
22031,12,0
21183,12,0
21115,12,0
16160,12,0
15789,12,0
18987,12,0
13244,12,0
19354,0,2
21970,0,2
19344,0,2
20361,12,0
19268,12,0
20030,12,0
18975,12,0
21086,12,0
21197,12,0
22070,12,0
18977,12,0
19575,12,0
22034,12,0
6981,12,0
22062,12,0
21769,12,0
21163,12,0
22058,12,0
19283,0,2
19329,0,2
20118,12,0
19345,0,2
16589,12,0
20303,12,0
20567,12,0
21958,12,0
21973,12,0
15941,12,0
21987,12,0
21092,12,0
20265,12,0
21105,12,0
22007,12,0
18897,12,0
15692,12,0
16054,12,0
17146,12,0
19275,12,0
21692,12,0
18833,12,0
20401,12,0
18817,12,0
16601,12,0
21220,12,0
21996,12,0
19409,12,0
18883,12,0
19277,12,0
20602,12,0
16246,12,0
18853,12,0
21945,12,0
15927,12,0
20553,12,0
21743,0,2
18843,12,0
18889,12,0
13073,12,0
19759,12,0
21971,12,0
21706,12,0
21242,12,0
19282,0,2
20149,12,0
19315,0,2
20507,12,0
15984,12,0
18900,12,0
21968,12,0
19006,12,0
21979,0,2
21703,12,0
11524,12,0
21949,12,0
15601,12,0
21984,12,0
21956,12,0
19580,12,0
18837,12,0
12911,12,0
21997,12,0
15594,12,0
13372,12,0
21978,12,0
19307,12,0
18233,12,0
21103,12,0
20133,12,0
19244,12,0
17833,12,0
12665,12,0
21926,0,2
21968,12,0
21948,0,2
19271,0,2
22005,0,2
21127,12,0
21933,12,0
21964,12,0
19317,0,2
21984,12,0
15821,12,0
19326,0,2
21157,12,0
9243,12,0
12197,12,0
21166,12,0
18311,12,0
21090,12,0
22087,0,2
19741,12,0
21916,0,2
21149,12,0
11980,12,0
21732,12,0
19680,12,0
21155,12,0
18443,12,0
20535,12,0
18866,12,0
18995,12,0
17967,12,0
18900,12,0
19383,0,2
21968,12,0
21143,12,0
19916,0,2
21692,12,0
20040,12,0
22010,12,0
16243,12,0
21986,12,0
9069,12,0
19558,12,0
19606,12,0
21191,12,0
19272,0,2
17276,12,0
22061,12,0
21709,12,0
19663,12,0
21761,12,0
20426,12,0
19340,0,2
13171,12,0
21968,12,0
19674,12,0
13412,12,0
21149,12,0
20200,12,0
20204,12,0
22052,12,0
21963,12,0
22055,12,0
19349,12,0
19440,0,2
22067,12,0
19671,12,0
21143,12,0
19381,12,0
20028,12,0
21702,0,2
18945,12,0
6674,12,0
11825,12,0
19329,0,2
22069,12,0
18908,12,0
6949,12,0
18039,12,0
13002,12,0
21996,12,0
22064,12,0
18988,12,0
22055,12,0
18973,12,0
22030,0,2
16469,12,0
21163,12,0
20371,12,0
18950,12,0
21162,12,0
21148,12,0
19377,0,2
19432,0,2
19566,12,0
20432,12,0
22009,12,0
22046,12,0
18906,12,0
21223,12,0
20002,12,0
16319,12,0
22056,12,0
16561,12,0
21992,12,0
22037,12,0
22017,12,0
22025,12,0
13113,12,0
21974,12,0
19257,0,2
21961,0,2
19408,0,2
18855,12,0
19336,0,2
18912,12,0
20400,12,0
18904,12,0
21980,12,0
18911,12,0
22070,12,0
18592,12,0
18937,12,0
22032,12,0
22038,12,0
21741,12,0
22044,0,2
19443,12,0
15640,12,0
19393,0,2
20449,12,0
19356,12,0
12195,12,0
6436,12,0
21983,12,0
18934,12,0
19754,12,0
19633,12,0
13341,12,0
18839,12,0
22019,12,0
22035,12,0
12970,12,0
17053,12,0
18926,12,0
18892,12,0
12911,12,0
19363,0,2
22044,12,0
22040,12,0
18907,12,0
19485,12,0
22052,12,0
22010,12,0
9065,12,0
21989,0,2
20033,12,0
21760,12,0
22035,0,2
21799,0,2
13327,12,0
19758,12,0
18874,12,0
22057,12,0
20377,12,0
21139,12,0
18317,12,0
21794,0,2
22060,12,0
22064,12,0
18946,12,0
18973,12,0
19628,12,0
21221,12,0
15732,12,0
21998,12,0
15660,12,0
20518,12,0
22033,12,0
12013,12,0
18909,12,0
22009,12,0
19320,0,2
22034,12,0
22007,0,2
21964,0,2
21988,12,0
22064,12,0
19186,12,0
18926,12,0
19627,12,0
19307,12,0
21705,0,2
21776,12,0
19388,0,2
22044,0,2
20117,12,0
19385,0,2
21973,12,0
16057,12,0
22009,12,0
18891,12,0
18378,12,0
20127,12,0
12843,12,0
17600,12,0
21998,12,0
18815,12,0
18940,12,0
19377,0,2
20295,12,0
21196,12,0
19279,12,0
21944,0,2
22062,0,2
18913,12,0
19340,0,2
18997,12,0
22035,12,0
22001,12,0
21164,12,0
22045,12,0
18888,12,0
18497,12,0
11761,12,0
18901,12,0
19322,0,2
19231,12,0
21155,12,0
19356,0,2
21706,12,0
18881,12,0
18960,12,0
19879,12,0
12656,12,0
21990,12,0
19700,12,0
21172,12,0
15685,12,0
22012,12,0
18960,12,0
22062,0,2
18445,12,0
20578,12,0
18403,12,0
19254,12,0
18996,12,0
22030,12,0
19345,12,0
12891,0,2
15475,0,2
12790,0,2
15365,12,0
15350,0,2
13221,12,0
12410,0,2
10466,12,0
10196,0,2
10181,0,2
10441,12,0
8784,12,0
10752,12,0
8679,12,0
10489,12,0
9521,12,0
10241,12,0
8465,12,0
8446,12,0
8209,12,0
8529,12,0
7908,12,0
8384,12,0
9830,12,0
7627,12,0
7875,12,0
9334,12,0
7654,12,0
7589,12,0
7358,12,0
7790,12,0
7662,12,0
7681,12,0
7524,12,0
7631,12,0
9095,12,0
7632,12,0
7939,12,0
7546,12,0
7849,12,0
7449,12,0
7778,12,0
10116,12,0
7729,12,0
9699,12,0
7700,12,0
9697,12,0
7250,12,0
7227,12,0
7188,12,0
9858,12,0
5369,12,0
25699,12,0
22226,12,0
26855,12,0
5407,12,0
26765,12,0
5412,12,0
22451,12,0
22577,12,0
5387,12,0
5395,12,0
5397,12,0
22372,12,0
5274,12,0
5231,12,0
5275,12,0
5233,12,0
31207,12,0
16825,12,0
5085,12,0
22093,12,0
19474,12,0
5047,12,0
5089,12,0
22046,12,0
4989,12,0
4986,12,0
4956,12,0
25230,12,0
16638,12,0
31173,12,0
4778,12,0
5683,0,2
21065,12,0
4740,12,0
12126,12,0
11480,12,0
29663,12,0
21445,12,0
4474,12,0
4978,0,2
4064,12,0
18739,12,0
25026,12,0
20496,12,0
20493,12,0
10522,12,0
29943,12,0
10633,12,0
20288,12,0
24467,12,0
29194,12,0
20057,12,0
15692,12,0
17771,12,0
15367,12,0
6153,12,0
18451,12,0
19715,12,0
6455,12,0
22977,12,0
18414,12,0
10137,12,0
6409,12,0
19581,12,0
19562,12,0
29752,12,0
19568,12,0
18162,12,0
10042,12,0
17891,12,0
19534,12,0
29028,12,0
28636,12,0
28321,12,0
19280,12,0
19029,12,0
29451,12,0
29404,12,0
19206,12,0
29403,12,0
19022,12,0
19364,12,0
29775,12,0
17182,12,0
19269,12,0
19010,12,0
29443,12,0
19301,12,0
19303,12,0
17175,12,0
16918,12,0
28994,12,0
17194,12,0
19176,12,0
22453,12,0
19157,12,0
23516,12,0
19211,12,0
6399,12,0
17208,12,0
19327,12,0
28283,12,0
17182,12,0
13902,12,0
17827,12,0
6394,12,0
19173,12,0
19149,12,0
17444,12,0
17176,12,0
6223,12,0
17174,12,0
16898,12,0
17911,12,0
17198,12,0
19143,12,0
22432,12,0
17742,12,0
19230,12,0
19136,12,0
29607,12,0
12020,12,0
16886,12,0
19153,12,0
16884,12,0
18968,12,0
16883,12,0
29567,12,0
19151,12,0
22424,12,0
12169,12,0
17203,12,0
17207,12,0
29392,12,0
28260,12,0
17423,12,0
19205,12,0
28258,12,0
23702,12,0
23808,12,0
14334,12,0
16968,12,0
19226,12,0
26481,12,0
19243,12,0
16921,12,0
17351,12,0
19118,12,0
22406,12,0
29550,12,0
28798,12,0
16956,12,0
17371,12,0
23687,12,0
17407,12,0
17333,12,0
28238,12,0
19218,12,0
17356,12,0
22516,12,0
14317,12,0
19108,12,0
16985,12,0
17361,12,0
17399,12,0
23462,12,0
22390,12,0
22394,12,0
19276,12,0
29244,12,0
23878,12,0
17395,12,0
17420,12,0
17438,12,0
23563,12,0
14359,12,0
19094,12,0
17391,12,0
23667,12,0
19093,12,0
22380,12,0
16995,12,0
14406,12,0
23622,12,0
29558,12,0
23622,12,0
17428,12,0
19088,12,0
22374,12,0
23530,12,0
17428,12,0
17426,12,0
23529,12,0
29254,12,0
17441,12,0
19071,12,0
23318,12,0
23276,12,0
14501,12,0
14492,12,0
27905,12,0
16828,12,0
23178,12,0
18500,12,0
3435,12,0
14306,12,0
18755,12,0
14461,12,0
23035,12,0
13514,12,0
18782,12,0
17078,12,0
13509,12,0
23459,12,0
18825,12,0
18767,12,0
23415,12,0
23022,12,0
13492,12,0
3452,12,0
17123,12,0
18732,12,0
23085,12,0
28939,12,0
18757,12,0
23261,12,0
13489,12,0
18443,12,0
23475,12,0
14435,12,0
22099,12,0
27852,12,0
17053,12,0
29188,12,0
22100,12,0
23079,12,0
17480,12,0
17055,12,0
17087,12,0
23122,12,0
13473,12,0
23174,12,0
3196,12,0
23243,12,0
13466,12,0
29301,12,0
27841,12,0
3301,12,0
3162,12,0
18730,12,0
16659,12,0
13462,12,0
13456,12,0
23065,12,0
17064,12,0
22062,12,0
11584,12,0
18533,12,0
23041,12,0
18708,12,0
8945,12,0
18726,12,0
29268,12,0
18689,12,0
23254,12,0
8873,12,0
18732,12,0
5371,12,0
18491,12,0
8875,12,0
12395,12,0
18681,12,0
16621,12,0
18674,12,0
18698,12,0
5366,12,0
13428,12,0
23171,12,0
5105,12,0
5172,12,0
23184,12,0
27793,12,0
13419,12,0
22940,12,0
17226,12,0
4276,12,0
3986,12,0
17205,12,0
18675,12,0
27755,12,0
23536,12,0
18616,12,0
27737,12,0
4989,12,0
11437,12,0
12214,12,0
16355,12,0
23183,12,0
13673,12,0
18496,12,0
18506,12,0
11504,12,0
16827,12,0
18463,12,0
18456,12,0
18464,12,0
18450,12,0
18444,12,0
18137,12,0
16802,12,0
23344,12,0
12141,12,0
16376,12,0
22620,12,0
16758,12,0
16371,12,0
23342,12,0
2391,12,0
15763,12,0
14522,12,0
16723,12,0
16689,12,0
16311,12,0
27413,12,0
8494,12,0
8560,12,0
27410,12,0
27392,12,0
27375,12,0
28524,12,0
18164,12,0
10575,12,0
18159,12,0
17968,12,0
16011,12,0
15991,12,0
15617,12,0
18067,12,0
15991,12,0
15509,12,0
16732,12,0
18208,12,0
5107,12,0
16056,12,0
21312,12,0
27144,12,0
16040,12,0
15753,12,0
16261,12,0
18017,12,0
18107,12,0
27081,12,0
28268,12,0
13160,12,0
16247,12,0
28543,12,0
28633,12,0
15840,12,0
16300,12,0
13216,12,0
27041,12,0
12646,12,0
22577,12,0
28213,12,0
15797,12,0
27721,12,0
15799,12,0
28127,12,0
17871,12,0
22225,12,0
17868,12,0
22657,12,0
16178,12,0
22033,12,0
15254,12,0
15710,12,0
22165,12,0
22215,12,0
22161,12,0
16148,12,0
16323,12,0
15706,12,0
16101,12,0
13303,12,0
22119,12,0
13256,12,0
17764,12,0
17722,12,0
17534,12,0
17542,12,0
27540,12,0
28309,12,0
13428,12,0
17477,12,0
28091,12,0
12421,12,0
22061,12,0
22142,12,0
13185,12,0
17394,12,0
22142,12,0
22095,12,0
22275,12,0
2606,12,0
20973,12,0
22204,12,0
10432,12,0
10391,12,0
20909,12,0
21911,12,0
22079,12,0
20955,12,0
15493,12,0
22298,12,0
12260,12,0
17235,12,0
22425,12,0
17495,12,0
17493,12,0
17498,12,0
17230,12,0
3917,12,0
16413,12,0
17490,12,0
16474,12,0
22216,12,0
3191,12,0
3858,12,0
17492,12,0
4223,12,0
17418,12,0
17408,12,0
21913,12,0
21915,12,0
9475,12,0
27298,12,0
15803,12,0
14970,12,0
17024,12,0
26118,12,0
27545,12,0
15733,12,0
26818,12,0
9382,12,0
9384,12,0
17012,12,0
9385,12,0
9381,12,0
26111,12,0
15682,12,0
15684,12,0
16972,12,0
9343,12,0
26080,12,0
9340,12,0
9339,12,0
16960,12,0
14425,12,0
26069,12,0
16971,12,0
27400,12,0
15607,12,0
9355,12,0
16943,12,0
14414,12,0
26040,12,0
14867,12,0
15605,12,0
14427,12,0
14845,12,0
9350,12,0
16923,12,0
15513,12,0
27502,12,0
4155,12,0
16919,12,0
15586,12,0
14861,12,0
16905,12,0
14864,12,0
14864,12,0
16905,12,0
21265,12,0
27168,12,0
4027,12,0
14403,12,0
26033,12,0
14852,12,0
14899,12,0
4191,12,0
21349,12,0
26031,12,0
4147,12,0
4036,12,0
14415,12,0
26025,12,0
14930,12,0
20310,12,0
14929,12,0
14615,12,0
4021,12,0
16921,12,0
14924,12,0
3974,12,0
14651,12,0
14651,12,0
26027,12,0
14646,12,0
4139,12,0
4234,12,0
14868,12,0
14946,12,0
26689,12,0
9802,12,0
27070,12,0
27290,12,0
4122,12,0
27116,12,0
3990,12,0
4101,12,0
14367,12,0
9798,12,0
26997,12,0
14904,12,0
14603,12,0
16875,12,0
21715,12,0
14597,12,0
15515,12,0
16865,12,0
17022,12,0
9733,12,0
9732,12,0
27436,12,0
16866,12,0
16863,12,0
21202,0,2
14708,12,0
27012,12,0
16872,12,0
14598,12,0
26990,12,0
14897,12,0
21591,12,0
9878,12,0
21663,12,0
16944,12,0
9877,12,0
16943,12,0
25024,12,0
14680,12,0
14908,12,0
16943,12,0
20665,0,2
2845,12,0
25439,12,0
21230,12,0
20838,12,0
20985,12,0
16331,12,0
16329,12,0
20750,12,0
20985,12,0
9148,12,0
16351,12,0
15518,12,0
25436,12,0
11567,12,0
20663,12,0
20833,12,0
2841,12,0
16139,12,0
20605,12,0
9336,12,0
16135,12,0
6835,12,0
3184,12,0
25418,12,0
16323,12,0
16327,12,0
12559,12,0
2972,12,0
13733,12,0
9184,12,0
12485,12,0
15876,12,0
16400,12,0
24634,12,0
20974,12,0
20661,12,0
20650,12,0
24791,12,0
12639,12,0
21044,12,0
24495,12,0
26506,12,0
16128,12,0
16128,12,0
5372,12,0
15918,12,0
11287,12,0
5147,12,0
15917,12,0
6614,12,0
25220,12,0
25197,12,0
13508,12,0
13515,12,0
14410,12,0
24360,12,0
8907,12,0
24414,12,0
13514,12,0
8845,12,0
25267,12,0
11285,12,0
15912,12,0
14527,12,0
15910,12,0
6611,12,0
15910,12,0
8956,12,0
25208,12,0
25512,12,0
24287,12,0
12452,12,0
13504,12,0
15902,12,0
24590,12,0
5162,12,0
25185,12,0
15900,12,0
15897,12,0
8905,12,0
8451,12,0
11268,12,0
8824,12,0
25585,12,0
24395,12,0
8824,12,0
20711,12,0
14507,12,0
24390,12,0
20805,12,0
12400,12,0
20770,12,0
5160,12,0
20586,0,2
24354,12,0
20555,12,0
24550,12,0
23325,12,0
24254,12,0
8881,12,0
12345,12,0
24354,12,0
5133,12,0
20977,12,0
24404,12,0
14025,12,0
20829,12,0
25184,12,0
25188,12,0
5131,12,0
24546,12,0
24547,12,0
14023,12,0
25843,0,2
13486,12,0
25143,12,0
24269,12,0
15884,12,0
20829,12,0
12342,12,0
20871,12,0
25167,12,0
25141,12,0
5113,12,0
5126,12,0
25141,12,0
24542,12,0
11253,12,0
20968,12,0
12307,12,0
24346,12,0
14756,12,0
24385,12,0
14435,12,0
14903,12,0
11565,12,0
15881,12,0
5124,12,0
24382,12,0
23316,12,0
12454,12,0
20825,12,0
5163,12,0
24263,12,0
25529,12,0
25161,12,0
14016,12,0
25142,12,0
26213,12,0
13495,12,0
25137,12,0
14675,12,0
25161,12,0
20504,12,0
25505,12,0
25147,12,0
13476,12,0
15877,12,0
12229,12,0
27407,12,0
20963,12,0
23314,12,0
16051,12,0
14401,12,0
25154,12,0
25135,12,0
12450,12,0
14600,12,0
25132,12,0
25130,12,0
5157,12,0
25130,12,0
24372,12,0
25135,12,0
23287,12,0
20751,12,0
14062,12,0
12381,12,0
25135,12,0
20785,12,0
5172,12,0
25135,12,0
5155,12,0
23285,12,0
25129,12,0
8920,12,0
12694,12,0
26350,12,0
23305,12,0
23284,12,0
23378,12,0
19316,12,0
13487,12,0
24557,12,0
25153,12,0
12442,12,0
25152,12,0
25134,12,0
25127,12,0
26347,12,0
25126,12,0
8916,12,0
20853,12,0
26468,12,0
25222,12,0
14769,12,0
24512,12,0
25137,12,0
25131,12,0
25715,12,0
23304,12,0
16030,12,0
24555,12,0
14769,12,0
16028,12,0
25136,12,0
25163,12,0
25132,12,0
12321,12,0
25133,12,0
12413,12,0
16026,12,0
25126,12,0
13474,12,0
13173,12,0
14378,12,0
14023,12,0
25123,12,0
25131,12,0
12372,12,0
8871,12,0
12437,12,0
25124,12,0
12412,12,0
25153,12,0
12319,12,0
25782,12,0
23298,12,0
20557,0,2
24347,12,0
12434,12,0
24549,12,0
12213,12,0
5348,12,0
14787,12,0
25121,12,0
25140,12,0
16034,12,0
23272,12,0
25121,12,0
25133,12,0
25123,12,0
25111,12,0
25122,12,0
25122,12,0
26188,12,0
25121,12,0
25124,12,0
12422,12,0
25122,12,0
25127,12,0
12418,12,0
16011,12,0
26332,12,0
13445,12,0
24639,12,0
19767,12,0
13267,12,0
10830,12,0
13569,12,0
19856,12,0
19719,12,0
24942,12,0
24797,12,0
13028,12,0
11791,12,0
24444,12,0
11002,12,0
23763,12,0
23983,12,0
11413,12,0
11003,12,0
23430,12,0
11336,12,0
12269,12,0
11182,12,0
11145,12,0
11165,12,0
22366,12,0
23766,12,0
22311,12,0
23060,12,0
23185,12,0
10777,12,0
10777,12,0
22012,12,0
23022,12,0
10727,12,0
10727,12,0
22023,12,0
10611,12,0
10629,12,0
22551,0,2
10629,12,0
22924,12,0
23322,12,0
10573,12,0
10540,12,0
20728,0,2
9010,12,0
9115,12,0
8998,12,0
21135,12,0
21178,12,0
21351,12,0
8976,12,0
8970,12,0
21141,12,0
20673,0,2
21253,12,0
8940,12,0
8753,12,0
8076,12,0
20167,12,0
18993,12,0
8538,12,0
20393,12,0
8542,12,0
18873,12,0
18900,12,0
8203,12,0
19779,12,0
18600,12,0
20147,12,0
8230,12,0
8203,12,0
16675,12,0
18358,12,0
6353,12,0
16699,12,0
6437,12,0
17922,12,0
6346,12,0
6346,12,0
16652,12,0
17823,12,0
6306,12,0
16651,12,0
6685,12,0
6524,12,0
6688,12,0
6463,12,0
16260,12,0
6568,12,0
16219,12,0
16246,12,0
16243,12,0
6533,12,0
6528,12,0
16176,12,0
16170,12,0
6571,12,0
6529,12,0
16205,12,0
6406,12,0
16204,12,0
17200,12,0
16144,12,0
6511,12,0
16026,12,0
17106,12,0
8177,12,0
6539,12,0
16022,12,0
17025,12,0
15341,12,0
16871,12,0
15934,12,0
5428,12,0
4663,12,0
4928,12,0
15186,12,0
15504,12,0
4654,12,0
5783,12,0
5629,12,0
6450,12,0
5629,12,0
15704,12,0
15828,12,0
9659,12,0
4916,12,0
6292,12,0
6006,12,0
10771,12,0
9216,12,0
13902,12,0
14586,0,2
5185,12,0
5909,12,0
9214,12,0
10561,12,0
4341,12,0
10576,12,0
13795,12,0
13589,12,0
8930,12,0
13563,12,0
10291,12,0
8872,12,0
10276,12,0
8815,12,0
10165,12,0
10154,12,0
13399,12,0
10164,12,0
5637,12,0
10113,12,0
9637,12,0
12927,12,0
12923,12,0
12919,12,0
10637,12,0
9902,12,0
10681,12,0
8380,12,0
12828,12,0
9867,12,0
9816,12,0
10626,12,0
9816,12,0
10628,12,0
10544,12,0
10586,12,0
12726,12,0
9896,12,0
12706,12,0
12692,12,0
12694,12,0
10568,12,0
9893,12,0
10564,12,0
41732,12,0
9746,12,0
8001,12,0
9541,12,0
9465,12,0
36596,12,0
21326,12,0
36598,12,0
4648,12,0
4141,12,0
4674,12,0
27929,12,0
9535,12,0
4638,12,0
21307,12,0
4659,12,0
4107,12,0
4632,12,0
4672,12,0
11640,12,0
9475,12,0
9476,12,0
4065,12,0
36518,12,0
4599,12,0
36467,12,0
29284,12,0
36291,12,0
11368,12,0
5661,12,0
36304,12,0
5142,12,0
36300,12,0
5164,12,0
5655,12,0
36285,12,0
6446,12,0
36288,12,0
12068,0,2
6560,12,0
6535,12,0
6524,12,0
13269,12,0
6523,12,0
11272,12,0
6506,12,0
6501,12,0
6502,12,0
6501,12,0
11245,12,0
6515,12,0
36233,12,0
36204,12,0
6498,12,0
36203,12,0
6498,12,0
29308,12,0
9209,12,0
6485,12,0
36212,12,0
6497,12,0
11232,12,0
6471,12,0
25754,12,0
6459,12,0
29214,12,0
6474,12,0
13262,12,0
11179,12,0
29266,12,0
36137,12,0
13224,12,0
24864,12,0
9184,12,0
34818,12,0
15943,12,0
36144,12,0
29326,12,0
24857,12,0
13298,12,0
13255,12,0
13210,12,0
13254,12,0
9176,12,0
24861,12,0
13191,12,0
29399,12,0
13338,12,0
29299,12,0
13168,12,0
9139,12,0
13169,12,0
13318,12,0
13114,12,0
13180,12,0
13181,12,0
34737,12,0
29249,12,0
13420,12,0
39482,12,0
25648,12,0
38185,12,0
9105,12,0
9196,12,0
12413,12,0
13262,12,0
6670,12,0
13057,12,0
13196,12,0
9075,12,0
12612,12,0
13242,12,0
6651,12,0
13088,12,0
13088,12,0
29326,12,0
19608,12,0
13176,12,0
29287,12,0
12518,12,0
7238,12,0
29053,12,0
16092,12,0
28973,12,0
15853,12,0
7172,12,0
16227,12,0
28981,12,0
29078,12,0
28958,12,0
29135,12,0
16214,12,0
15802,12,0
25380,12,0
7134,12,0
16190,12,0
12606,12,0
20305,12,0
15779,12,0
15979,12,0
20337,12,0
20333,12,0
20334,12,0
15981,12,0
20295,12,0
20296,12,0
20294,12,0
20378,12,0
16135,12,0
15748,12,0
20398,12,0
20397,12,0
16148,12,0
27536,12,0
15713,12,0
15937,12,0
15714,12,0
26937,12,0
12487,12,0
7167,12,0
12486,12,0
26916,12,0
12514,12,0
27388,12,0
6996,12,0
26860,12,0
27450,12,0
8581,12,0
33113,12,0
20161,12,0
27391,12,0
8506,12,0
28608,12,0
28245,12,0
8484,12,0
35348,12,0
8885,12,0
35342,12,0
8532,12,0
8451,12,0
35300,12,0
8244,12,0
8488,12,0
35298,12,0
8533,12,0
8489,12,0
8488,12,0
27168,12,0
27397,12,0
8230,12,0
8481,12,0
35282,12,0
24915,12,0
8212,12,0
8213,12,0
35267,12,0
35268,12,0
35271,12,0
8212,12,0
24862,12,0
8148,12,0
8120,12,0
24729,12,0
28175,12,0
23746,12,0
11323,12,0
11323,12,0
27983,12,0
27863,12,0
27963,12,0
24265,12,0
11205,12,0
24265,12,0
11245,12,0
28018,12,0
11204,12,0
11160,12,0
19217,12,0
19272,12,0
11043,12,0
11037,12,0
11011,12,0
34269,12,0
10934,12,0
10943,12,0
34317,12,0
25647,12,0
26174,12,0
26172,12,0
23913,12,0
34270,12,0
10919,12,0
10862,12,0
23859,12,0
10842,12,0
19492,12,0
23848,12,0
20170,12,0
20165,12,0
27441,12,0
27384,12,0
34201,12,0
19588,12,0
19689,12,0
19603,12,0
23839,12,0
23837,12,0
14008,12,0
34202,12,0
26256,12,0
20161,12,0
23938,12,0
14011,12,0
23837,12,0
26185,12,0
23938,12,0
34198,12,0
34054,12,0
34052,12,0
20006,12,0
34051,12,0
13873,12,0
10877,12,0
19928,12,0
19999,12,0
26137,12,0
23774,12,0
23773,12,0
23772,12,0
26127,12,0
14138,12,0
23307,12,0
26090,12,0
10873,12,0
23769,12,0
27216,12,0
34046,12,0
20051,12,0
23770,12,0
20051,12,0
11034,12,0
23787,12,0
23785,12,0
20010,12,0
23764,12,0
34037,12,0
26082,12,0
26082,12,0
23762,12,0
14372,12,0
23782,12,0
26988,12,0
13836,12,0
23782,12,0
26076,12,0
34018,12,0
34017,12,0
14335,12,0
23777,12,0
26072,12,0
23756,12,0
11191,12,0
20039,12,0
23778,12,0
23756,12,0
34029,12,0
23754,12,0
23754,12,0
23753,12,0
11423,12,0
34015,12,0
10991,12,0
14121,12,0
11142,12,0
11291,12,0
26068,12,0
11047,12,0
23770,12,0
11086,12,0
11015,12,0
26973,12,0
34029,12,0
26110,12,0
13869,12,0
10987,12,0
11046,12,0
13868,12,0
14325,12,0
11083,12,0
11226,12,0
11045,12,0
11011,12,0
11043,12,0
11011,12,0
26967,12,0
11746,12,0
34025,12,0
34024,12,0
26966,12,0
11079,12,0
25992,12,0
27158,12,0
14092,12,0
34022,12,0
11161,12,0
11161,12,0
34047,12,0
11021,12,0
27124,12,0
33991,12,0
11164,12,0
11360,12,0
11164,12,0
27027,12,0
27017,12,0
11147,12,0
11150,12,0
11344,12,0
12780,12,0
11100,12,0
12822,12,0
12817,12,0
26995,12,0
27145,12,0
11323,12,0
12766,12,0
33896,12,0
23501,12,0
27199,12,0
11074,12,0
33920,12,0
33920,12,0
11014,12,0
11016,12,0
26981,12,0
26733,12,0
21829,12,0
10328,12,0
10099,12,0
21682,12,0
32879,12,0
22322,12,0
22112,12,0
22100,12,0
22100,12,0
31966,12,0
11763,12,0
8506,12,0
25106,12,0
21560,12,0
31931,12,0
25093,12,0
23131,12,0
15846,12,0
30785,12,0
30780,12,0
23804,12,0
7393,12,0
30770,12,0
30762,12,0
30762,12,0
30777,12,0
23801,12,0
30776,12,0
7175,12,0
30762,12,0
23821,12,0
30704,12,0
30704,12,0
23897,12,0
30719,12,0
7306,12,0
30662,12,0
23868,12,0
30687,12,0
30659,12,0
30687,12,0
33301,12,0
18811,12,0
18757,12,0
5576,0,2
33227,12,0
6306,12,0
6179,12,0
33163,12,0
33159,12,0
6239,12,0
6111,12,0
33156,12,0
11029,12,0
6328,12,0
33156,12,0
33159,12,0
8676,12,0
33162,12,0
33154,12,0
33161,12,0
9568,12,0
33157,12,0
29629,12,0
9577,12,0
14086,12,0
33159,12,0
6321,12,0
12310,12,0
33153,12,0
29603,12,0
33155,12,0
29627,12,0
14222,12,0
6229,12,0
6384,12,0
33155,12,0
6222,12,0
12326,12,0
33151,12,0
33149,12,0
29621,12,0
18457,12,0
12300,12,0
18459,12,0
12299,12,0
18424,12,0
18402,12,0
18426,12,0
9527,12,0
18410,12,0
10755,12,0
6388,12,0
18413,12,0
18431,12,0
31771,12,0
31768,12,0
18412,12,0
18390,12,0
10939,12,0
10935,12,0
12235,12,0
10644,12,0
18370,12,0
18372,12,0
18410,12,0
26861,12,0
27208,12,0
26855,12,0
12184,12,0
27013,12,0
26834,12,0
6216,12,0
32974,12,0
10856,12,0
27010,12,0
6215,12,0
12146,12,0
31680,12,0
31681,12,0
26831,12,0
12165,12,0
32933,12,0
32933,12,0
32931,12,0
13870,12,0
26885,12,0
32853,12,0
13012,12,0
12013,12,0
27037,12,0
12015,12,0
32827,12,0
18308,12,0
13832,12,0
27034,12,0
11978,12,0
10672,12,0
18178,12,0
18179,12,0
18172,12,0
13616,12,0
8286,12,0
13697,12,0
7863,12,0
18144,12,0
18207,12,0
5997,12,0
18206,12,0
18179,12,0
18243,12,0
18180,12,0
8254,12,0
12999,12,0
12864,12,0
29129,12,0
32694,12,0
18199,12,0
29062,12,0
6552,12,0
29052,12,0
18099,12,0
29027,12,0
18098,12,0
6531,12,0
8171,12,0
8170,12,0
32585,12,0
12254,12,0
32086,12,0
32082,12,0
7599,12,0
28409,12,0
31959,12,0
18366,12,0
7332,12,0
18368,12,0
7334,12,0
18347,12,0
6578,12,0
18325,12,0
10795,12,0
18317,12,0
18311,12,0
11620,12,0
6869,12,0
12351,12,0
18032,12,0
6791,12,0
6854,12,0
17489,12,0
6136,12,0
17291,12,0
17264,12,0
10760,12,0
31429,12,0
10809,12,0
17218,12,0
9698,12,0
17216,12,0
28592,12,0
6167,12,0
31423,12,0
31742,12,0
17404,12,0
6182,12,0
17312,12,0
11602,12,0
10709,12,0
31739,12,0
11601,12,0
29128,12,0
9544,12,0
23181,12,0
11513,12,0
23181,12,0
6025,12,0
11352,12,0
23153,12,0
23360,12,0
23150,12,0
11285,12,0
11285,12,0
10555,12,0
23295,12,0
23298,12,0
23297,12,0
9422,12,0
11191,12,0
10482,12,0
23272,12,0
11174,12,0
23254,12,0
11240,12,0
31683,12,0
23415,12,0
23253,12,0
11376,12,0
9330,12,0
23176,12,0
22961,12,0
22349,12,0
10258,12,0
30190,12,0
30180,12,0
10293,12,0
10364,12,0
30730,12,0
30669,12,0
30101,12,0
9579,12,0
10371,12,0
30064,12,0
8336,12,0
10055,12,0
8341,12,0
30618,12,0
22339,12,0
30614,12,0
8339,12,0
10038,12,0
8199,12,0
10185,12,0
29899,12,0
29895,12,0
10087,12,0
9945,12,0
30440,12,0
9921,12,0
9987,12,0
30431,12,0
6334,12,0
7281,12,0
6449,12,0
29901,12,0
29338,12,0
29331,12,0
6323,12,0
29309,12,0
29312,12,0
6693,12,0
6422,12,0
6424,12,0
29304,12,0
6422,12,0
6426,12,0
29300,12,0
29867,12,0
29870,12,0
6417,12,0
6422,12,0
29307,12,0
6294,12,0
6420,12,0
6422,12,0
29301,12,0
29860,12,0
12222,12,0
29869,12,0
22796,12,0
29303,12,0
7280,12,0
29870,12,0
29858,12,0
12153,12,0
9761,12,0
22439,12,0
22266,12,0
9761,12,0
6414,12,0
29853,12,0
22434,12,0
29298,12,0
22789,12,0
6283,12,0
29294,12,0
12257,12,0
7261,12,0
29612,12,0
22431,12,0
12211,12,0
6403,12,0
12143,12,0
29292,12,0
12251,12,0
12253,12,0
9753,12,0
12140,12,0
29288,12,0
12116,12,0
22604,12,0
9642,12,0
22425,12,0
29841,12,0
13031,12,0
9748,12,0
22780,12,0
12248,12,0
9744,12,0
22420,12,0
29839,12,0
29851,12,0
22420,12,0
12295,12,0
12238,12,0
12243,12,0
22429,12,0
12293,12,0
12277,12,0
29849,12,0
29597,12,0
22773,12,0
12289,12,0
12289,12,0
29845,12,0
29856,12,0
29842,12,0
12350,12,0
12288,12,0
9739,12,0
9818,12,0
22242,12,0
12346,12,0
9737,12,0
29828,12,0
29866,12,0
9735,12,0
29838,12,0
12280,12,0
12279,12,0
29653,12,0
29836,12,0
9733,12,0
29836,12,0
29585,12,0
7863,12,0
29825,12,0
10242,12,0
29595,12,0
9809,12,0
12229,12,0
29585,12,0
12230,12,0
12227,12,0
30049,12,0
29581,12,0
29832,12,0
13008,12,0
9805,12,0
7857,12,0
29583,12,0
30043,12,0
9802,12,0
32494,12,0
29837,12,0
9799,12,0
30015,12,0
29544,12,0
7718,12,0
7719,12,0
7800,12,0
7725,12,0
7641,12,0
29301,12,0
8028,12,0
29509,12,0
29794,12,0
9148,12,0
29605,12,0
8899,12,0
29313,12,0
8919,12,0
8885,12,0
8883,12,0
29244,12,0
8879,12,0
28924,12,0
8880,12,0
8850,12,0
28896,12,0
8825,12,0
29246,12,0
8756,12,0
29169,12,0
8730,12,0
30885,12,0
8732,12,0
8535,12,0
12631,12,0
8535,12,0
28957,12,0
28835,12,0
28636,12,0
12046,12,0
28826,12,0
28611,12,0
32354,12,0
28611,12,0
9710,12,0
8502,12,0
9881,12,0
11979,12,0
28782,12,0
28933,12,0
8470,12,0
28578,12,0
30616,12,0
9877,12,0
9879,12,0
12584,12,0
12170,12,0
28843,12,0
29041,12,0
12167,12,0
12166,12,0
28524,12,0
28528,12,0
28732,12,0
12090,12,0
12460,12,0
12089,12,0
28526,12,0
30589,12,0
12038,12,0
12404,12,0
12039,12,0
28475,12,0
28983,12,0
28865,12,0
12056,12,0
12053,12,0
9447,12,0
28394,12,0
9389,12,0
12920,12,0
24141,12,0
27282,12,0
12285,12,0
9414,12,0
32246,12,0
28356,12,0
9356,12,0
9148,12,0
30469,12,0
12255,12,0
29010,12,0
24189,12,0
28348,12,0
12185,12,0
12173,12,0
31675,12,0
31863,12,0
12195,12,0
8217,12,0
31677,12,0
12152,12,0
31722,12,0
32119,12,0
12146,12,0
31615,12,0
8197,12,0
31720,12,0
31856,12,0
12168,12,0
11595,12,0
12131,12,0
12157,12,0
8173,12,0
12205,12,0
31906,12,0
24042,12,0
24085,12,0
8174,12,0
11734,12,0
12114,12,0
32239,12,0
12160,12,0
8130,12,0
12136,12,0
28228,12,0
31669,12,0
11670,12,0
8109,12,0
8124,12,0
23976,12,0
31582,12,0
24019,12,0
11578,12,0
12076,12,0
11579,12,0
11601,12,0
23956,12,0
23909,12,0
28157,12,0
23891,12,0
31440,12,0
11472,12,0
11451,12,0
31390,12,0
11403,12,0
31485,12,0
11860,12,0
11314,12,0
31311,12,0
23663,12,0
32012,12,0
11300,12,0
27840,12,0
11276,12,0
11253,12,0
31908,12,0
27844,12,0
11215,12,0
27796,12,0
27797,12,0
31340,12,0
11719,12,0
11761,12,0
23204,12,0
11187,12,0
11185,12,0
11668,12,0
23348,12,0
23312,12,0
23196,12,0
9902,12,0
9901,12,0
23303,12,0
23244,12,0
23153,12,0
9882,12,0
23267,12,0
9863,12,0
9863,12,0
23150,12,0
23227,12,0
23261,12,0
23261,12,0
9821,12,0
9823,12,0
23260,12,0
23258,12,0
9844,12,0
23257,12,0
9834,12,0
9778,12,0
23261,12,0
23343,12,0
27511,12,0
9778,12,0
9727,12,0
23168,12,0
9686,12,0
9807,12,0
9702,12,0
23128,12,0
29490,12,0
9757,12,0
9646,12,0
27379,12,0
9641,12,0
27129,12,0
8672,12,0
26339,12,0
8204,12,0
29858,12,0
29581,12,0
8155,12,0
8115,12,0
25876,12,0
8167,12,0
25875,12,0
8168,12,0
21878,12,0
29698,12,0
8128,12,0
8127,12,0
7953,12,0
8066,12,0
8042,12,0
29362,12,0
29551,12,0
27987,12,0
25064,12,0
28862,12,0
8396,12,0
8396,12,0
8386,12,0
28901,12,0
21018,12,0
28902,12,0
8332,12,0
8319,12,0
25017,12,0
28896,12,0
8158,12,0
8161,12,0
28961,12,0
28153,12,0
8147,12,0
8123,12,0
28380,12,0
8112,12,0
28130,12,0
10483,12,0
7939,12,0
28203,12,0
7907,12,0
7907,12,0
7879,12,0
23035,12,0
7773,12,0
7749,12,0
7745,12,0
23011,12,0
22416,12,0
7082,12,0
22155,12,0
22134,12,0
7333,12,0
7334,12,0
22141,12,0
7333,12,0
22134,12,0
22154,12,0
7334,12,0
7291,12,0
22013,12,0
27320,12,0
7298,12,0
7274,12,0
7260,12,0
7273,12,0
22026,12,0
18641,12,0
22017,12,0
7278,12,0
7044,12,0
21187,12,0
21208,12,0
6433,12,0
6711,12,0
6709,12,0
20860,12,0
6709,12,0
20869,12,0
26034,12,0
6704,12,0
22507,12,0
6704,12,0
26034,12,0
6703,12,0
20850,12,0
26032,12,0
6690,12,0
7074,12,0
20848,12,0
6690,12,0
26020,12,0
7099,12,0
6811,12,0
23993,12,0
25989,12,0
6470,12,0
25907,12,0
25360,0,2
6470,12,0
25720,12,0
7005,12,0
23217,12,0
6833,12,0
24630,12,0
6774,12,0
6831,12,0
6821,12,0
25062,12,0
24533,12,0
24742,12,0
21362,12,0
6745,12,0
6926,12,0
24048,0,2
24129,12,0
6163,12,0
24354,12,0
6363,12,0
24079,12,0
6073,12,0
6358,12,0
23821,12,0
24167,12,0
23819,12,0
6295,12,0
6295,12,0
22636,12,0
20672,12,0
24469,12,0
6292,12,0
6042,12,0
24100,12,0
5973,12,0
20603,12,0
24129,12,0
10923,12,0
19164,12,0
11102,12,0
6219,12,0
24193,12,0
19112,12,0
7702,12,0
23714,12,0
7028,12,0
23799,0,2
6802,12,0
19074,12,0
6780,12,0
23777,12,0
23714,0,2
14743,12,0
6778,12,0
23713,0,2
7666,12,0
24224,12,0
23848,12,0
23587,12,0
23773,12,0
7666,12,0
7663,12,0
20505,12,0
19067,12,0
11832,12,0
7659,12,0
6770,12,0
14600,12,0
19020,12,0
7586,12,0
18989,12,0
18957,12,0
19419,12,0
11752,12,0
7581,12,0
11750,12,0
11723,12,0
23660,12,0
19389,12,0
11524,12,0
18957,12,0
11704,12,0
23642,12,0
19390,12,0
18890,12,0
7482,12,0
14468,12,0
14557,12,0
11650,12,0
11650,12,0
19387,12,0
24118,12,0
14390,12,0
19309,12,0
19239,12,0
23772,12,0
14479,12,0
15890,12,0
11986,12,0
15646,12,0
11076,12,0
12546,12,0
15593,12,0
10689,12,0
13594,12,0
15186,12,0
11479,12,0
13538,12,0
13882,12,0
15210,12,0
7788,12,0
12253,12,0
12433,12,0
15203,12,0
18785,12,0
7296,12,0
15151,12,0
7731,12,0
14976,12,0
15114,12,0
7693,12,0
6720,12,0
6301,12,0
6713,12,0
6715,12,0
6717,12,0
17728,12,0
11679,12,0
14115,12,0
6693,12,0
6336,12,0
11158,12,0
11673,12,0
6691,12,0
17708,12,0
6694,12,0
6693,12,0
17706,12,0
6689,12,0
6637,12,0
6640,12,0
17655,12,0
14063,12,0
17606,12,0
14060,12,0
11566,12,0
14147,12,0
6567,12,0
11541,12,0
17578,12,0
17580,12,0
17556,12,0
17554,12,0
11515,12,0
6833,12,0
6831,12,0
17451,12,0
6787,12,0
7309,12,0
6786,12,0
17443,12,0
6787,12,0
17458,12,0
6786,12,0
7614,12,0
15505,12,0
7568,12,0
7480,12,0
15517,12,0
7569,12,0
6740,12,0
17407,12,0
17392,12,0
17347,12,0
7199,12,0
7884,12,0
7883,12,0
16629,12,0
7750,12,0
7837,12,0
7783,12,0
7786,12,0
15920,12,0
16551,12,0
16564,12,0
7774,12,0
16550,12,0
7772,12,0
7714,12,0
7767,12,0
7770,12,0
7769,12,0
7766,12,0
8253,12,0
16547,12,0
7767,12,0
13748,12,0
7764,12,0
8253,12,0
15440,12,0
15505,12,0
15848,12,0
15818,12,0
15845,12,0
15803,12,0
20730,12,0
23365,12,0
15419,12,0
16471,12,0
15826,12,0
15419,12,0
8161,12,0
13020,12,0
15797,12,0
15414,12,0
15821,12,0
13114,12,0
15405,12,0
15746,12,0
15747,12,0
7601,12,0
15720,12,0
10048,12,0
10050,12,0
10047,12,0
10048,12,0
10041,12,0
10042,12,0
10039,12,0
10041,12,0
10037,12,0
10025,12,0
10018,12,0
10068,12,0
10008,12,0
10262,12,0
10038,12,0
9998,12,0
10064,12,0
10067,12,0
10339,12,0
9984,12,0
9984,12,0
10074,12,0
10236,12,0
10042,12,0
9961,12,0
15199,12,0
16634,12,0
16634,12,0
16635,12,0
15192,12,0
10218,12,0
9948,12,0
15251,12,0
15006,12,0
16616,12,0
16569,12,0
16647,12,0
15175,12,0
15342,12,0
16647,12,0
16608,12,0
16611,12,0
15174,12,0
16611,12,0
10198,12,0
16608,12,0
15150,12,0
15136,12,0
16742,12,0
15133,12,0
15132,12,0
15284,12,0
15279,12,0
15280,12,0
16866,12,0
16881,12,0
16728,12,0
16620,12,0
16665,12,0
16938,12,0
17158,12,0
16617,12,0
15803,12,0
17259,12,0
16739,12,0
17032,12,0
17311,12,0
15154,12,0
17258,12,0
11955,12,0
11904,12,0
11879,12,0
11880,12,0
11880,12,0
11877,12,0
11880,12,0
11879,12,0
11876,12,0
11875,12,0
11800,12,0
11798,12,0
11751,12,0
11608,12,0
17202,12,0
15727,12,0
11736,12,0
17204,12,0
15685,12,0
11735,12,0
11588,12,0
15684,12,0
11734,12,0
11584,12,0
11794,12,0
17196,12,0
15679,12,0
15679,12,0
11695,12,0
17195,12,0
15680,12,0
11792,12,0
11792,12,0
16645,12,0
16686,12,0
11773,12,0
11699,12,0
11695,12,0
11846,12,0
16638,12,0
11842,12,0
17099,12,0
15625,12,0
16636,12,0
11692,12,0
11842,12,0
11840,12,0
11692,12,0
11741,12,0
15650,12,0
17077,12,0
17077,12,0
12069,12,0
11822,12,0
17027,12,0
17077,12,0
16681,12,0
16221,12,0
15291,12,0
11692,12,0
11674,12,0
15206,12,0
16543,12,0
15421,12,0
11421,12,0
11669,12,0
11593,12,0
18506,12,0
17815,12,0
16443,12,0
17826,12,0
12971,12,0
12949,12,0
17677,12,0
12948,12,0
17664,12,0
15806,0,2
18473,12,0
17711,12,0
17794,12,0
16021,12,0
12653,12,0
17536,12,0
18289,12,0
12612,12,0
15554,12,0
12662,12,0
15939,12,0
17048,12,0
17155,12,0
17006,12,0
17529,12,0
16770,12,0
16920,12,0
16740,12,0
17160,12,0
14827,0,2
16666,12,0
16469,12,0
16400,12,0
16288,12,0
16379,12,0
17187,12,0
14256,0,2
16876,12,0
16289,12,0
11444,12,0
16348,12,0
16102,12,0
11378,12,0
14734,12,0
14733,12,0
11374,12,0
16223,12,0
16806,12,0
11503,12,0
16180,12,0
16203,12,0
14275,12,0
16036,12,0
11217,12,0
11217,12,0
16454,12,0
14480,12,0
11257,12,0
16032,12,0
16682,12,0
15528,12,0
15288,12,0
10630,12,0
15377,12,0
10630,12,0
15793,12,0
10536,12,0
10537,12,0
10513,12,0
10514,12,0
15711,12,0
15908,12,0
15912,12,0
11778,12,0
11775,12,0
11780,12,0
11760,12,0
11760,12,0
11759,12,0
11741,12,0
11739,12,0
15806,12,0
15875,12,0
11738,12,0
15883,12,0
18485,12,0
21195,12,0
11688,12,0
11690,12,0
18483,12,0
11682,12,0
11679,12,0
11684,12,0
15552,12,0
11688,12,0
15518,12,0
11681,12,0
15475,12,0
11593,12,0
19191,12,0
11782,12,0
15525,12,0
11782,12,0
11766,12,0
11781,12,0
19158,12,0
22819,12,0
11924,12,0
11742,12,0
21807,12,0
18776,12,0
11387,12,0
18776,12,0
14501,12,0
18773,12,0
14528,12,0
14734,0,2
11369,12,0
20240,12,0
18771,12,0
14736,12,0
18771,12,0
11383,12,0
15004,12,0
11968,12,0
21760,12,0
11906,12,0
14990,12,0
11645,12,0
21445,12,0
12184,12,0
11610,12,0
19800,12,0
11470,12,0
14075,12,0
11355,12,0
11378,12,0
18961,12,0
11135,12,0
10445,12,0
13121,12,0
10254,12,0
10334,12,0
10332,12,0
18447,12,0
13066,12,0
12868,12,0
10327,12,0
18000,12,0
19116,12,0
13023,12,0
10357,12,0
19878,12,0
10358,12,0
10086,12,0
11486,12,0
18132,12,0
18156,12,0
18154,12,0
11491,12,0
19224,12,0
17958,12,0
11479,12,0
12386,12,0
17885,12,0
11285,12,0
17960,12,0
11339,12,0
12627,12,0
11264,12,0
11251,12,0
17957,12,0
12573,12,0
11330,12,0
24362,12,0
12373,12,0
12614,12,0
24371,12,0
11443,12,0
12611,12,0
11368,12,0
20083,12,0
20019,12,0
19550,12,0
10541,12,0
18888,12,0
19015,12,0
18884,12,0
18881,12,0
10487,12,0
23231,12,0
18891,12,0
16537,12,0
16609,12,0
10366,12,0
10456,12,0
18371,12,0
23162,12,0
10360,12,0
18988,12,0
23343,12,0
16594,12,0
10480,12,0
14022,12,0
16426,12,0
18021,12,0
14021,12,0
23003,12,0
10179,12,0
18360,12,0
18353,12,0
17727,12,0
15892,12,0
17546,12,0
17757,12,0
22124,12,0
9243,12,0
22131,12,0
21873,12,0
17489,12,0
17489,12,0
22123,12,0
15376,12,0
17488,12,0
17483,12,0
17645,12,0
22127,12,0
17471,12,0
21990,12,0
22037,12,0
22124,12,0
15376,12,0
12999,12,0
22123,12,0
17484,12,0
17466,12,0
17479,12,0
17416,12,0
12997,12,0
12956,12,0
22055,12,0
17350,12,0
15323,12,0
22044,12,0
17369,12,0
17214,12,0
15132,12,0
21859,12,0
21859,12,0
17405,12,0
12319,12,0
14833,12,0
12315,12,0
16842,12,0
14742,12,0
12225,12,0
12184,12,0
12228,12,0
16444,12,0
11719,12,0
16305,12,0
16309,12,0
14210,12,0
11680,12,0
11681,12,0
16273,12,0
11658,12,0
11762,12,0
16261,12,0
14340,12,0
23538,12,0
23540,12,0
14367,12,0
11617,12,0
16347,12,0
23526,12,0
23527,12,0
16217,12,0
16222,12,0
16345,12,0
11666,12,0
11825,12,0
11664,12,0
11735,12,0
14130,12,0
16216,12,0
11824,12,0
23526,12,0
14129,12,0
11720,12,0
16338,12,0
11784,12,0
11714,12,0
11814,12,0
23513,12,0
16204,12,0
16478,12,0
14177,12,0
23512,12,0
20522,12,0
16205,12,0
14116,12,0
23512,12,0
16198,12,0
16355,12,0
23509,12,0
23508,12,0
11882,12,0
16646,12,0
23496,12,0
16188,12,0
16462,12,0
11793,12,0
16463,12,0
11870,12,0
23495,12,0
23498,12,0
11855,12,0
23496,12,0
14229,12,0
16460,12,0
11870,12,0
16182,12,0
23578,12,0
16287,12,0
14084,12,0
20499,12,0
11909,12,0
14374,12,0
11891,12,0
14374,12,0
16315,12,0
16157,12,0
23408,12,0
11626,12,0
11578,12,0
14003,12,0
14111,12,0
12793,12,0
11538,12,0
20119,12,0
12762,12,0
11597,12,0
12840,12,0
12723,12,0
12781,12,0
23803,12,0
23189,12,0
20082,12,0
23200,12,0
11441,12,0
23093,12,0
12753,12,0
12655,12,0
23657,12,0
11358,12,0
12586,12,0
12634,12,0
12591,12,0
12626,12,0
12660,12,0
11312,12,0
22965,12,0
12331,12,0
19725,12,0
12260,12,0
12223,12,0
13399,12,0
23112,12,0
12105,12,0
12121,12,0
23110,12,0
19519,12,0
19429,12,0
23139,12,0
15264,12,0
23059,12,0
23056,12,0
23061,12,0
19377,12,0
15358,12,0
12051,12,0
15152,12,0
19467,12,0
14994,12,0
23086,12,0
23057,12,0
10845,12,0
23084,12,0
13209,12,0
19496,12,0
14991,12,0
15260,12,0
13096,12,0
19327,12,0
22950,12,0
22913,12,0
19290,12,0
22941,12,0
19233,12,0
14784,12,0
22884,12,0
19338,12,0
15032,12,0
15233,12,0
15056,12,0
11039,12,0
19275,12,0
15158,12,0
22786,12,0
14798,12,0
22737,12,0
12857,12,0
19111,12,0
19190,12,0
14883,12,0
14876,12,0
18943,12,0
22486,12,0
14647,12,0
22467,12,0
13038,12,0
12836,12,0
12253,12,0
12884,12,0
12831,12,0
12883,12,0
12832,12,0
12197,12,0
13777,12,0
11632,12,0
23259,12,0
11585,12,0
11632,12,0
10557,12,0
11582,12,0
11579,12,0
11583,12,0
12784,12,0
23214,12,0
23290,12,0
10517,12,0
11543,12,0
23289,12,0
20007,12,0
20008,12,0
11450,12,0
12742,12,0
19880,12,0
10513,12,0
23285,12,0
11535,12,0
23183,12,0
19879,12,0
10507,12,0
23318,12,0
12901,12,0
10510,12,0
23316,12,0
23181,12,0
23180,12,0
13224,12,0
19999,12,0
11653,12,0
23276,12,0
10508,12,0
23330,12,0
19997,12,0
11649,12,0
23311,12,0
11621,12,0
23309,12,0
19994,12,0
23274,12,0
23321,12,0
11791,12,0
19987,12,0
12847,12,0
11788,12,0
11604,12,0
11781,12,0
11755,12,0
12985,12,0
11627,12,0
23297,12,0
10468,12,0
19984,12,0
23253,12,0
23225,12,0
11513,12,0
23221,12,0
11691,12,0
11666,12,0
11538,12,0
12621,12,0
11767,12,0
11454,12,0
23107,12,0
19811,12,0
11572,12,0
12939,12,0
11547,12,0
23103,12,0
19809,12,0
23099,12,0
19791,12,0
23084,12,0
12480,12,0
12849,12,0
12910,12,0
23017,12,0
11651,12,0
15884,12,0
15879,12,0
12372,12,0
15876,12,0
15883,12,0
15875,12,0
10018,12,0
15877,12,0
12452,12,0
15741,12,0
15734,12,0
15730,12,0
27327,12,0
15710,12,0
15711,12,0
27302,12,0
25719,12,0
15707,12,0
12203,12,0
27299,12,0
12203,12,0
21409,12,0
15708,12,0
15709,12,0
21404,12,0
15701,12,0
12235,12,0
15706,12,0
27225,12,0
12493,12,0
21330,12,0
12031,12,0
12356,12,0
27082,12,0
27088,12,0
25497,12,0
21207,12,0
21188,12,0
21188,12,0
25416,12,0
11034,12,0
27081,12,0
25416,12,0
27078,12,0
27078,12,0
27080,12,0
13371,12,0
12214,12,0
11846,12,0
25411,12,0
27075,12,0
25413,12,0
21286,12,0
26764,12,0
11699,12,0
20865,12,0
20869,12,0
26771,12,0
26759,12,0
26756,12,0
20969,12,0
26762,12,0
11988,12,0
20968,12,0
26753,12,0
26735,12,0
26702,12,0
26704,12,0
26697,12,0
11634,12,0
26703,12,0
26693,12,0
21524,12,0
20897,12,0
26692,12,0
11824,12,0
11608,12,0
26677,12,0
21512,12,0
21510,12,0
11612,12,0
11720,12,0
26677,12,0
26684,12,0
21510,12,0
26679,12,0
11575,12,0
21507,12,0
21606,12,0
26678,12,0
21505,12,0
26680,12,0
26666,12,0
26662,12,0
26680,12,0
21491,12,0
26672,12,0
26681,12,0
26665,12,0
26656,12,0
26659,12,0
26658,12,0
21519,12,0
26592,12,0
26593,12,0
21571,12,0
11708,12,0
21570,12,0
21570,12,0
11472,12,0
26585,12,0
21519,12,0
26575,12,0
11663,12,0
26535,12,0
26535,12,0
26552,12,0
21479,12,0
26539,12,0
26546,12,0
21527,12,0
26548,12,0
26540,12,0
26532,12,0
21677,12,0
21523,12,0
11659,12,0
26549,12,0
26547,12,0
21575,12,0
26538,12,0
11572,12,0
21676,12,0
21523,12,0
21473,12,0
26538,12,0
21523,12,0
11542,12,0
15479,12,0
26535,12,0
26526,12,0
26538,12,0
21672,12,0
21573,12,0
26532,12,0
21672,12,0
26537,12,0
26521,12,0
26540,12,0
26535,12,0
21670,12,0
26529,12,0
26539,12,0
21569,12,0
26534,12,0
15472,12,0
16903,12,0
11648,12,0
21666,12,0
16860,12,0
26521,12,0
11434,12,0
16874,12,0
16880,12,0
16881,12,0
16877,12,0
16876,12,0
16871,12,0
24713,12,0
11579,12,0
30243,12,0
19512,12,0
19510,12,0
11280,12,0
11116,12,0
19547,12,0
19603,12,0
19455,12,0
15158,12,0
19456,12,0
15137,12,0
30817,12,0
30815,12,0
19518,12,0
19512,12,0
30811,12,0
15133,12,0
15255,12,0
19791,12,0
15253,12,0
30808,12,0
19565,12,0
30688,12,0
30002,12,0
29997,12,0
29940,12,0
30637,12,0
14939,12,0
11383,12,0
29941,12,0
29945,12,0
16473,12,0
16474,12,0
16468,12,0
16470,12,0
29866,12,0
14992,12,0
29864,12,0
29865,12,0
16425,12,0
29864,12,0
16422,12,0
16422,12,0
16424,12,0
24306,12,0
29825,12,0
24229,12,0
29826,12,0
29727,12,0
24131,12,0
24178,12,0
29699,12,0
24149,12,0
24188,12,0
29547,12,0
29545,12,0
29532,12,0
10616,12,0
29409,12,0
14200,12,0
23593,12,0
29191,12,0
29198,12,0
29201,12,0
14157,12,0
18334,12,0
18331,12,0
18662,12,0
18414,12,0
27039,12,0
14107,12,0
13983,12,0
18515,12,0
26983,12,0
18586,12,0
14078,12,0
29627,12,0
29632,12,0
10167,12,0
10142,12,0
29605,12,0
14050,12,0
10229,12,0
29581,12,0
29581,12,0
26928,12,0
26927,12,0
28888,12,0
28842,12,0
28567,12,0
11179,12,0
28474,12,0
11840,12,0
28475,12,0
29173,12,0
28475,12,0
10947,12,0
28473,12,0
11076,12,0
28484,12,0
29122,12,0
28431,12,0
13577,12,0
28429,12,0
28430,12,0
28430,12,0
28426,12,0
11791,12,0
29120,12,0
19847,12,0
28403,12,0
28401,12,0
29059,12,0
28370,12,0
11515,12,0
28157,12,0
19116,12,0
10048,12,0
27537,12,0
18954,12,0
18919,12,0
10854,12,0
18900,12,0
9963,12,0
18900,12,0
18850,12,0
10760,12,0
18846,12,0
18846,12,0
18750,12,0
18727,12,0
18725,12,0
18743,12,0
18645,12,0
9580,12,0
19718,12,0
19716,12,0
19371,12,0
19789,12,0
20245,12,0
20438,12,0
19788,12,0
10459,12,0
19721,12,0
19644,12,0
20389,12,0
20146,12,0
20547,12,0
20173,12,0
20543,12,0
19717,12,0
10397,12,0
9638,12,0
20546,12,0
27132,12,0
27131,12,0
12136,12,0
27151,12,0
9611,12,0
27706,12,0
9457,12,0
27704,12,0
12135,12,0
27703,12,0
10351,12,0
27102,12,0
12103,12,0
27681,12,0
12087,12,0
27338,12,0
27668,12,0
12102,12,0
27338,12,0
27555,12,0
27666,12,0
27661,12,0
12069,12,0
12071,12,0
27510,12,0
27660,12,0
12917,12,0
27658,12,0
27519,12,0
12822,12,0
27518,12,0
12602,12,0
27433,12,0
12846,12,0
27586,12,0
27585,12,0
12842,12,0
12760,12,0
27596,12,0
27431,12,0
27584,12,0
27602,12,0
12773,12,0
20613,12,0
12772,12,0
27552,12,0
27502,12,0
20608,12,0
12528,12,0
20609,12,0
11904,12,0
20607,12,0
11927,12,0
27514,12,0
12526,12,0
27425,12,0
12779,12,0
12680,12,0
11718,12,0
20482,12,0
27269,12,0
20421,12,0
27195,12,0
20479,12,0
27376,12,0
20476,12,0
20477,12,0
11723,12,0
12517,12,0
20396,12,0
11634,12,0
27362,12,0
27183,12,0
27338,12,0
12416,12,0
11635,12,0
27245,12,0
27258,12,0
27509,12,0
11632,12,0
12205,12,0
20362,12,0
27244,12,0
11614,12,0
27255,12,0
11449,12,0
27189,12,0
10045,12,0
27471,12,0
27086,12,0
13602,12,0
27508,12,0
11529,12,0
27086,12,0
27472,12,0
11529,12,0
27388,12,0
27390,12,0
9683,12,0
12409,12,0
12205,12,0
9640,12,0
20166,12,0
11397,12,0
12886,12,0
26926,12,0
12071,12,0
27079,12,0
27296,12,0
11330,12,0
26891,12,0
13446,12,0
27089,12,0
26890,12,0
11336,12,0
12842,12,0
27270,12,0
12803,12,0
26996,12,0
27261,12,0
26848,12,0
7755,12,0
24345,12,0
24841,12,0
8250,12,0
8247,12,0
24408,12,0
7711,12,0
7709,12,0
24569,12,0
24844,12,0
8192,12,0
8194,12,0
24275,12,0
24650,12,0
24717,12,0
8140,12,0
6909,12,0
24229,12,0
24325,12,0
24633,12,0
7593,12,0
7594,12,0
7636,12,0
24312,12,0
7535,12,0
24223,12,0
24423,12,0
7502,12,0
7498,12,0
17332,12,0
24246,12,0
7468,12,0
17412,12,0
7955,12,0
17269,12,0
24000,12,0
7887,12,0
23965,12,0
7391,12,0
7389,12,0
7341,12,0
24408,12,0
17244,12,0
6152,12,0
19381,12,0
7332,12,0
7333,12,0
19380,12,0
19444,12,0
7331,12,0
19420,12,0
18770,12,0
18700,12,0
7026,12,0
18760,12,0
18763,12,0
18711,12,0
7023,12,0
7025,12,0
7004,12,0
18691,12,0
18691,12,0
6985,12,0
18678,12,0
6968,12,0
6967,12,0
18678,12,0
18755,12,0
6930,12,0
17980,12,0
22342,12,0
8475,12,0
21997,12,0
7204,12,0
18082,12,0
8536,12,0
7264,12,0
22333,12,0
22456,12,0
22408,12,0
17866,12,0
7797,12,0
22314,12,0
21884,12,0
8295,12,0
8430,12,0
8338,12,0
22348,12,0
21860,12,0
7229,12,0
22285,12,0
8333,12,0
21864,12,0
8328,12,0
7690,12,0
8351,12,0
22192,12,0
15745,12,0
22118,12,0
8102,12,0
21961,12,0
21581,12,0
8073,12,0
21563,12,0
6925,12,0
21918,12,0
8107,12,0
21561,12,0
12294,12,0
21917,12,0
22004,12,0
8068,12,0
13436,12,0
21980,12,0
8026,12,0
22020,12,0
21890,12,0
21553,12,0
8101,12,0
12947,12,0
21316,12,0
21243,12,0
12960,12,0
11893,12,0
21432,12,0
7527,12,0
20982,12,0
21437,12,0
13543,12,0
12956,12,0
12956,12,0
20935,12,0
13042,12,0
13042,12,0
21264,12,0
21339,12,0
20886,12,0
13014,12,0
12934,12,0
20860,12,0
21214,12,0
13426,12,0
12839,12,0
20867,12,0
21117,12,0
21188,12,0
21187,12,0
13557,12,0
11621,12,0
20710,12,0
21063,12,0
21066,12,0
12579,12,0
21004,12,0
12504,12,0
20438,12,0
11347,12,0
7438,12,0
14555,12,0
20653,12,0
20588,12,0
7223,12,0
20484,12,0
20546,12,0
19122,12,0
14059,12,0
10999,12,0
19078,12,0
6893,12,0
14052,12,0
6820,12,0
14045,12,0
20219,12,0
19158,12,0
10772,12,0
6811,12,0
19942,12,0
6808,12,0
13998,12,0
19155,12,0
19168,12,0
19061,12,0
19164,12,0
6747,12,0
20110,12,0
10937,12,0
6807,12,0
13966,12,0
11051,12,0
19162,12,0
20106,12,0
19061,12,0
6803,12,0
10933,12,0
19160,12,0
6744,12,0
19161,12,0
6802,12,0
20234,12,0
13903,12,0
20243,12,0
19061,12,0
19160,12,0
19160,12,0
13961,12,0
19158,12,0
6800,12,0
19159,12,0
10809,12,0
20074,12,0
10705,12,0
13870,12,0
20108,12,0
13733,12,0
20010,12,0
10639,12,0
10641,12,0
19988,12,0
13730,12,0
19980,12,0
13693,12,0
10658,12,0
6587,12,0
20072,12,0
20069,12,0
6583,12,0
20071,12,0
19788,12,0
13698,12,0
20084,12,0
13696,12,0
19971,12,0
13698,12,0
10666,12,0
20066,12,0
6292,12,0
19891,12,0
13603,12,0
10442,12,0
10495,12,0
19836,12,0
19978,12,0
6265,12,0
19873,12,0
19954,12,0
6471,12,0
19767,12,0
6468,12,0
10415,12,0
19951,12,0
19955,12,0
19925,12,0
10488,12,0
10414,12,0
19893,12,0
11847,12,0
19749,12,0
11526,12,0
10330,12,0
19885,12,0
19876,12,0
11978,12,0
19848,12,0
19450,12,0
6377,12,0
12641,12,0
6095,12,0
12177,12,0
18858,12,0
19747,12,0
19702,12,0
6085,12,0
12136,12,0
10202,12,0
19644,12,0
10199,12,0
10202,12,0
19745,0,2
7020,12,0
7127,12,0
18720,12,0
17737,12,0
6974,12,0
18680,12,0
18484,12,0
7061,12,0
17602,12,0
6866,12,0
17792,12,0
9324,12,0
17502,12,0
6130,12,0
6322,12,0
17725,12,0
17618,12,0
17696,12,0
17704,12,0
6123,12,0
6122,12,0
6124,12,0
17368,12,0
7535,12,0
17134,12,0
16168,12,0
7528,12,0
17038,12,0
16217,12,0
7524,12,0
7526,12,0
17092,12,0
16959,12,0
7485,12,0
7484,12,0
7481,12,0
15693,12,0
16628,12,0
15646,12,0
7010,12,0
7006,12,0
15695,12,0
7010,12,0
15641,12,0
7005,12,0
7002,12,0
7008,12,0
14951,12,0
14948,12,0
7003,12,0
15688,12,0
7002,12,0
14946,12,0
16492,12,0
14942,12,0
15688,12,0
14941,12,0
14943,12,0
14940,12,0
15685,12,0
6996,12,0
11538,12,0
9785,12,0
16207,12,0
16191,12,0
8165,12,0
9329,12,0
8580,12,0
16190,12,0
15170,12,0
9199,12,0
16051,12,0
9298,12,0
9298,12,0
8278,12,0
9528,12,0
16168,12,0
9156,12,0
9407,12,0
15099,12,0
15933,12,0
16023,12,0
9183,12,0
9242,12,0
8452,12,0
9625,12,0
15258,12,0
9623,12,0
9676,12,0
9617,12,0
9616,12,0
9619,12,0
14718,12,0
15037,12,0
9719,12,0
9616,12,0
15247,12,0
15924,12,0
15140,12,0
15260,12,0
19212,12,0
16067,12,0
15172,12,0
15254,12,0
19206,12,0
16051,12,0
9603,12,0
9538,12,0
15054,12,0
9562,12,0
19146,12,0
11577,12,0
15367,12,0
15367,12,0
19103,12,0
19017,12,0
15003,12,0
19053,12,0
15305,12,0
15423,12,0
14976,12,0
21639,12,0
15274,12,0
14943,12,0
14945,12,0
18946,12,0
9441,12,0
18847,12,0
9441,12,0
9482,12,0
15116,12,0
19170,12,0
21401,12,0
18866,12,0
9403,12,0
15117,12,0
15642,12,0
21480,12,0
18848,12,0
15111,12,0
21478,12,0
17578,12,0
15112,12,0
15108,12,0
14981,12,0
10771,12,0
10773,12,0
10772,12,0
10698,12,0
10594,12,0
10613,12,0
10610,12,0
10591,12,0
14775,12,0
10592,12,0
10681,12,0
10726,12,0
10511,12,0
10796,12,0
14722,12,0
14057,12,0
14719,12,0
10729,12,0
10584,12,0
22487,12,0
22424,12,0
22009,12,0
23831,12,0
10152,12,0
17786,12,0
10215,12,0
22040,12,0
10250,12,0
22039,12,0
10121,12,0
17783,12,0
17783,12,0
22041,12,0
22040,12,0
23827,12,0
22039,12,0
22035,12,0
22035,12,0
23744,12,0
23759,12,0
14077,12,0
21972,12,0
12640,12,0
12584,12,0
12656,12,0
12581,12,0
12338,12,0
12638,12,0
12581,12,0
12652,12,0
12614,12,0
12541,12,0
12616,12,0
12588,12,0
27596,12,0
12578,12,0
27757,12,0
27595,12,0
21113,12,0
12360,12,0
12360,12,0
20900,12,0
12359,12,0
20698,12,0
27207,12,0
12156,12,0
27174,12,0
20692,12,0
20693,12,0
27334,12,0
12102,12,0
27278,12,0
12099,12,0
27610,12,0
27611,12,0
27277,12,0
20634,12,0
27538,12,0
20560,12,0
27145,12,0
26944,12,0
27275,12,0
20329,12,0
20301,12,0
26817,12,0
27151,12,0
20173,12,0
26802,12,0
11598,12,0
26779,12,0
11597,12,0
11794,12,0
11597,12,0
20131,12,0
11664,12,0
27140,12,0
20347,12,0
27140,12,0
11709,12,0
27104,12,0
11766,12,0
12085,12,0
11708,12,0
12085,12,0
11756,12,0
27103,12,0
12083,12,0
26664,12,0
11743,12,0
26667,12,0
11571,12,0
19918,12,0
14380,12,0
23497,12,0
33198,12,0
23494,12,0
14307,12,0
23493,12,0
33207,12,0
33200,12,0
14305,12,0
33204,12,0
33174,12,0
23466,12,0
23463,12,0
23461,12,0
33169,12,0
33177,12,0
33174,12,0
23411,12,0
33165,12,0
23286,12,0
32907,12,0
32915,12,0
23201,12,0
32914,12,0
23229,12,0
23203,12,0
32835,12,0
32825,12,0
32833,12,0
32785,12,0
14005,12,0
32744,12,0
32742,12,0
13960,12,0
23104,12,0
23104,12,0
13959,12,0
32737,12,0
32691,12,0
13851,12,0
13811,12,0
23000,12,0
32553,12,0
32548,12,0
32549,12,0
24542,12,0
24486,12,0
17492,12,0
31957,12,0
13171,12,0
31949,12,0
13166,12,0
13150,12,0
24437,12,0
24434,12,0
31845,12,0
24379,12,0
31227,12,0
23808,12,0
31221,12,0
31219,12,0
31221,12,0
23752,12,0
31223,12,0
23711,12,0
31120,12,0
31107,12,0
23689,12,0
23689,12,0
23588,12,0
31059,12,0
21465,12,0
31061,12,0
31058,12,0
31056,12,0
31061,12,0
31009,12,0
23584,12,0
30996,12,0
23434,12,0
16780,12,0
30905,12,0
30903,12,0
23488,12,0
23536,12,0
36413,12,0
15682,12,0
36414,12,0
27246,12,0
36392,12,0
27245,12,0
36393,12,0
15661,12,0
15661,12,0
15661,12,0
15625,12,0
15629,12,0
15627,12,0
15626,12,0
15630,12,0
15626,12,0
15628,12,0
15625,12,0
27197,12,0
15612,12,0
27142,12,0
15577,12,0
15580,12,0
15577,12,0
36373,12,0
36277,12,0
27131,12,0
36287,12,0
36277,12,0
36338,12,0
36324,12,0
36327,12,0
36328,12,0
20205,12,0
36260,12,0
15788,12,0
36320,12,0
36323,12,0
36328,12,0
36319,12,0
36292,12,0
36290,12,0
36287,12,0
15800,12,0
36298,12,0
36289,12,0
30616,12,0
30601,12,0
36287,12,0
15780,12,0
27220,12,0
30573,12,0
36284,12,0
36293,12,0
36279,12,0
30597,12,0
20676,12,0
36244,12,0
36239,12,0
30566,12,0
30563,12,0
36242,12,0
36229,12,0
30519,12,0
36231,12,0
36227,12,0
36170,12,0
36168,12,0
30487,12,0
36161,12,0
36167,12,0
36119,12,0
30436,12,0
30423,12,0
30426,12,0
36001,12,0
30321,12,0
36001,12,0
18801,12,0
18540,12,0
18433,12,0
18274,12,0
18358,12,0
18457,12,0
18458,12,0
18591,12,0
18532,12,0
31738,12,0
31636,12,0
18457,12,0
18565,12,0
18359,12,0
18436,12,0
18500,12,0
18433,12,0
18432,12,0
40658,12,0
31653,12,0
40588,12,0
34837,12,0
40580,12,0
31337,12,0
40287,12,0
40297,12,0
40276,12,0
31286,12,0
34438,12,0
40144,12,0
40141,12,0
40141,12,0
34430,12,0
40089,12,0
34257,12,0
39927,12,0
34235,12,0
39864,12,0
39863,12,0
39861,12,0
34221,12,0
39870,12,0
39622,12,0
39611,12,0
33936,12,0
39609,12,0
33970,12,0
39564,12,0
33918,12,0
33913,12,0
39563,12,0
39549,12,0
33909,12,0
33915,12,0
33849,12,0
33851,12,0
33776,12,0
39408,12,0
39405,12,0
24203,12,0
39175,12,0
39141,12,0
39143,12,0
17158,12,0
39130,12,0
39086,12,0
24188,12,0
39045,12,0
39046,12,0
39046,12,0
38983,12,0
38967,12,0
17201,12,0
38943,12,0
17117,12,0
17318,12,0
17117,12,0
17117,12,0
17100,12,0
17084,12,0
17043,12,0
17488,12,0
16938,12,0
16941,12,0
16941,12,0
17074,12,0
16936,12,0
17324,12,0
38700,12,0
16934,12,0
22119,12,0
21930,12,0
22121,12,0
22136,12,0
35033,12,0
22000,12,0
35197,12,0
40344,12,0
22188,12,0
22386,12,0
22311,12,0
22321,12,0
35457,12,0
40236,12,0
22106,12,0
22077,12,0
40208,12,0
22079,12,0
21987,12,0
40212,12,0
22328,12,0
21957,12,0
22035,12,0
35323,12,0
35323,12,0
39025,12,0
37203,12,0
37202,12,0
38986,12,0
38983,12,0
38985,12,0
38985,12,0
37202,12,0
38995,12,0
34115,12,0
38984,12,0
38996,12,0
38985,12,0
37221,12,0
38979,12,0
37208,12,0
38982,12,0
38984,12,0
38983,12,0
37206,12,0
38980,12,0
37206,12,0
38982,12,0
38977,12,0
21246,12,0
38984,12,0
38989,12,0
38978,12,0
21243,12,0
37214,12,0
38979,12,0
37241,12,0
38984,12,0
38990,12,0
37201,12,0
37222,12,0
37212,12,0
21370,12,0
38982,12,0
37189,12,0
38978,12,0
21293,12,0
37206,12,0
21236,12,0
38983,12,0
38980,12,0
38980,12,0
37216,12,0
38977,12,0
38984,12,0
38984,12,0
21234,12,0
21508,12,0
38984,12,0
21435,12,0
37210,12,0
37201,12,0
38972,12,0
21231,12,0
38966,12,0
38998,12,0
21379,12,0
37206,12,0
21353,12,0
38979,12,0
38968,12,0
38964,12,0
37206,12,0
20926,12,0
21050,12,0
38651,12,0
38653,12,0
38653,12,0
38658,12,0
20959,12,0
38659,12,0
21110,12,0
21347,12,0
36799,12,0
38536,12,0
36790,12,0
36767,12,0
38517,12,0
36744,12,0
38488,12,0
38487,12,0
36724,12,0
38470,12,0
38477,12,0
38479,12,0
36731,12,0
38492,12,0
38476,12,0
36718,12,0
38467,12,0
38482,12,0
36734,12,0
36717,12,0
38391,12,0
36649,12,0
38385,12,0
38362,12,0
38375,12,0
38375,12,0
25738,12,0
24778,12,0
24758,12,0
24587,12,0
24759,12,0
35839,12,0
23454,12,0
23263,12,0
23305,12,0
23452,12,0
23330,12,0
23451,12,0
23139,12,0
35542,12,0
35448,12,0
23017,12,0
23167,12,0
23124,12,0
23145,12,0
34732,12,0
35365,12,0
34732,12,0
35462,12,0
35364,12,0
35853,12,0
35370,12,0
35370,12,0
35373,12,0
34729,12,0
35293,12,0
34831,12,0
35524,12,0
35292,12,0
35292,12,0
35445,12,0
35315,12,0
35177,12,0
35177,12,0
35815,12,0
35726,12,0
35369,12,0
23248,12,0
23249,12,0
35726,12,0
35734,12,0
35442,12,0
35152,12,0
35787,12,0
35654,12,0
35150,12,0
35325,12,0
35642,12,0
35149,12,0
35416,12,0
35148,12,0
35147,12,0
23240,12,0
35146,12,0
23319,12,0
35150,12,0
23240,12,0
35360,12,0
35637,12,0
35637,12,0
35147,12,0
23236,12,0
35567,12,0
35413,12,0
35143,12,0
23313,12,0
35354,12,0
35144,12,0
35633,12,0
29833,12,0
23232,12,0
35501,12,0
23310,12,0
23411,12,0
35272,12,0
35554,12,0
35134,12,0
35317,12,0
23229,12,0
35757,12,0
23291,12,0
35590,12,0
23269,12,0
35463,12,0
35192,12,0
35776,12,0
35040,12,0
35043,12,0
35042,12,0
35374,12,0
23309,12,0
35616,12,0
35040,12,0
35667,12,0
35036,12,0
35361,12,0
35114,12,0
35248,12,0
34991,12,0
35552,12,0
34981,12,0
35591,12,0
34931,12,0
23199,12,0
35084,12,0
35175,12,0
35571,12,0
35487,12,0
35621,12,0
23147,12,0
35445,12,0
34878,12,0
34878,12,0
35435,12,0
35187,12,0
35073,12,0
27730,12,0
27775,12,0
27730,12,0
27774,12,0
27738,12,0
27736,12,0
27846,12,0
34811,12,0
27913,12,0
27965,12,0
27721,12,0
33381,12,0
27720,12,0
27830,12,0
27803,12,0
27745,12,0
27688,12,0
27670,12,0
35220,12,0
34813,12,0
34812,12,0
34528,12,0
35110,12,0
34528,12,0
34787,0,2
34527,12,0
35188,12,0
35075,12,0
34753,0,2
35244,12,0
34751,0,2
34521,12,0
35035,12,0
35081,12,0
28134,12,0
34524,12,0
34522,12,0
28131,12,0
28129,12,0
35131,12,0
35034,12,0
35075,12,0
34774,0,2
34774,0,2
35056,12,0
35039,12,0
28127,12,0
34513,12,0
34512,12,0
28120,12,0
28116,12,0
35017,12,0
28115,12,0
34507,12,0
35016,12,0
34511,12,0
28121,12,0
34760,0,2
28119,12,0
34752,0,2
34705,12,0
35007,12,0
35084,12,0
34498,12,0
34722,12,0
28143,12,0
35000,12,0
34747,0,2
28101,12,0
34490,12,0
34495,12,0
35083,12,0
34991,12,0
35049,12,0
28133,12,0
34738,0,2
35036,12,0
35140,12,0
34735,0,2
34487,12,0
34485,12,0
35199,12,0
34480,12,0
34984,12,0
34984,12,0
34481,12,0
35065,12,0
28090,12,0
28253,12,0
34481,12,0
28250,12,0
35157,12,0
34725,0,2
34724,0,2
34471,12,0
28233,12,0
35035,12,0
34975,12,0
34697,0,2
34445,12,0
34691,0,2
33869,12,0
34682,0,2
34938,12,0
35101,12,0
34439,12,0
34683,0,2
34684,12,0
34392,12,0
34384,12,0
35079,12,0
34372,12,0
34391,12,0
34384,12,0
34580,0,2
34582,0,2
35027,12,0
34909,12,0
34895,12,0
34242,12,0
34430,12,0
34846,12,0
34220,12,0
34789,12,0
34751,12,0
3429,0,1
3382,0,1
34766,12,0
34166,12,0
34213,12,0
3306,0,1
34737,12,0
3324,0,1
3503,0,1
3507,0,1
3501,0,1
3500,0,1
3510,0,1
3510,0,1
3502,0,1
3501,0,1
3418,0,1
3433,0,1
3431,0,1
3428,0,1
3431,0,1
3387,0,1
3244,0,1
3275,0,1
3449,0,1
3451,0,1
3452,0,1
3393,0,1
3485,0,1
3490,0,1
3391,0,1
3359,0,1
3451,0,1
3449,0,1
3358,0,1
3358,0,1
3360,0,1
3296,0,1
3301,0,1
3239,0,1
3240,0,1
3300,0,1
3423,0,1
3302,0,1
3187,0,1
3216,0,1
3159,0,1
3161,0,1
3163,0,1
3158,0,1
3247,0,1
5612,0,1
3188,0,1
5589,0,1
3161,0,1
3890,12,0
34508,0,2
34587,12,0
34310,0,2
37654,12,0
34293,0,2
34291,0,2
37570,12,0
34585,12,0
34635,12,0
34293,0,2
1497,12,0
3862,12,0
37568,12,0
3756,12,0
37568,12,0
34380,12,0
3756,12,0
3807,12,0
37576,12,0
34533,12,0
1499,12,0
37566,12,0
3857,12,0
37564,12,0
34684,12,0
3856,12,0
34275,0,2
34531,12,0
32268,12,0
34619,12,0
1495,12,0
32394,12,0
32275,12,0
34270,12,0
3886,12,0
32270,12,0
34697,12,0
32478,12,0
32268,12,0
3804,12,0
32470,12,0
34557,12,0
32465,12,0
32460,12,0
34572,12,0
34619,12,0
31104,12,0
424,12,0
1487,12,0
32652,12,0
32706,12,0
30328,12,0
30351,12,0
30285,12,0
31987,0,2
30229,12,0
425,12,0
30230,12,0
30228,12,0
1805,12,0
30273,12,0
30229,12,0
420,12,0
31298,0,2
438,12,0
488,12,0
31414,12,0
31441,12,0
31479,12,0
31434,12,0
694,12,0
31568,12,0
672,12,0
516,12,0
31537,12,0
520,12,0
29116,12,0
585,12,0
29233,12,0
29115,12,0
29322,12,0
29297,12,0
727,12,0
680,12,0
676,12,0
660,12,0
31328,12,0
31429,12,0
31433,12,0
31343,12,0
31418,12,0
778,12,0
31244,12,0
31032,0,2
31308,12,0
31307,12,0
771,12,0
758,12,0
31298,12,0
31301,12,0
31435,12,0
737,12,0
751,12,0
29199,12,0
29199,12,0
30932,12,0
29192,12,0
722,12,0
31334,12,0
29178,12,0
31095,0,2
691,12,0
31242,12,0
741,12,0
735,12,0
31283,12,0
31384,12,0
31190,12,0
31222,12,0
31183,12,0
29113,12,0
748,12,0
30906,0,2
725,12,0
31180,12,0
29265,12,0
740,12,0
839,12,0
821,12,0
30929,12,0
30617,0,2
28966,12,0
30262,12,0
655,12,0
30622,12,0
30703,12,0
28773,12,0
584,12,0
30486,0,2
30393,0,2
571,12,0
28684,12,0
30621,0,2
684,12,0
569,12,0
30449,0,2
30728,12,0
30510,0,2
30601,12,0
30687,12,0
30554,12,0
874,12,0
872,12,0
30253,0,2
872,12,0
834,12,0
30580,12,0
30599,12,0
30124,12,0
30186,12,0
30493,12,0
799,12,0
848,12,0
824,12,0
30182,12,0
809,12,0
33128,12,0
29886,12,0
466,12,0
29622,12,0
29629,12,0
29727,12,0
29241,12,0
549,12,0
32363,12,0
32403,12,0
523,12,0
441,12,0
31985,12,0
437,12,0
31828,12,0
445,12,0
31298,12,0
463,12,0
427,12,0
28570,12,0
456,12,0
31663,12,0
31677,12,0
31685,12,0
31848,12,0
466,12,0
438,12,0
31723,12,0
440,12,0
440,12,0
31734,12,0
31783,12,0
445,12,0
425,12,0
31718,12,0
31484,12,0
421,12,0
27811,12,0
426,12,0
27775,12,0
431,12,0
27694,12,0
27685,12,0
450,12,0
446,12,0
450,12,0
27663,12,0
1495,12,0
27645,12,0
425,12,0
27416,12,0
428,12,0
30983,12,0
428,12,0
1575,12,0
27232,12,0
455,12,0
441,12,0
428,12,0
455,12,0
437,12,0
426,12,0
26784,12,0
460,12,0
433,12,0
26808,12,0
26804,12,0
425,12,0
458,12,0
422,12,0
26807,12,0
420,12,0
425,12,0
26682,12,0
26677,12,0
425,12,0
430,12,0
435,12,0
26616,12,0
444,12,0
26589,12,0
421,12,0
441,12,0
26564,12,0
429,12,0
428,12,0
26564,12,0
26587,12,0
444,12,0
426,12,0
26375,12,0
429,12,0
30066,12,0
30004,12,0
438,12,0
457,12,0
473,12,0
29909,12,0
29860,12,0
542,12,0
554,12,0
29727,12,0
512,12,0
26157,12,0
549,12,0
529,12,0
516,12,0
585,12,0
665,12,0
25954,12,0
670,12,0
581,12,0
624,12,0
583,12,0
564,12,0
25656,12,0
561,12,0
529,12,0
29271,12,0
572,12,0
469,12,0
28995,12,0
430,12,0
25253,12,0
444,12,0
444,12,0
434,12,0
452,12,0
428,12,0
446,12,0
449,12,0
476,12,0
460,12,0
448,12,0
453,12,0
470,12,0
453,12,0
470,12,0
448,12,0
444,12,0
467,12,0
464,12,0
456,12,0
630,12,0
621,12,0
621,12,0
604,12,0
693,12,0
635,12,0
685,12,0
746,12,0
732,12,0
1110,12,0
1049,12,0
1094,12,0
1027,12,0
1055,12,0
1035,12,0
1012,12,0
1016,12,0
1015,12,0
1014,12,0
1009,12,0
997,12,0
1066,12,0
996,12,0
27685,12,0
1008,12,0
993,12,0
1361,12,0
1243,12,0
1533,12,0
1557,12,0
1623,12,0
1539,12,0
1554,12,0
1499,12,0
1446,12,0
1446,12,0
1344,12,0
1403,12,0
1329,12,0
1410,12,0
1814,12,0
1825,12,0
1812,12,0
1812,12,0
3186,12,0
1799,12,0
1784,12,0
1781,12,0
2882,12,0
3183,12,0
1731,12,0
1992,12,0
1992,12,0
1804,12,0
1819,12,0
1758,12,0
2297,12,0
2382,12,0
1756,12,0
1771,12,0
2290,12,0
1958,12,0
2390,12,0
2289,12,0
1956,12,0
3100,12,0
2232,12,0
3043,12,0
2980,12,0
2162,12,0
2156,12,0
2052,12,0
2077,12,0
2369,12,0
2369,12,0
2401,12,0
2460,12,0
2372,12,0
2368,12,0
2368,12,0
2365,12,0
2339,12,0
2289,12,0
2346,12,0
2285,12,0
2285,12,0
2343,12,0
2299,12,0
2325,12,0
2281,12,0
2341,12,0
2380,12,0
2317,12,0
2356,12,0
2317,12,0
2357,12,0
2315,12,0
2282,12,0
2260,12,0
2300,12,0
2209,12,0
2231,12,0
2287,12,0
2232,12,0
2219,12,0
2200,12,0
2197,12,0
2565,12,0
2239,12,0
2299,12,0
2300,12,0
2289,12,0
2417,12,0
2239,12,0
2402,12,0
2272,12,0
4161,12,0
2014,12,0
2437,12,0
2637,12,0
2437,12,0
2562,12,0
2434,12,0
2636,12,0
2434,12,0
2548,12,0
2536,12,0
2468,12,0
2431,12,0
6386,12,0
5720,12,0
6384,12,0
2940,12,0
2939,12,0
2886,12,0
2886,12,0
6331,12,0
2886,12,0
2887,12,0
6328,12,0
5663,12,0
6327,12,0
2882,12,0
6098,12,0
6487,12,0
5625,12,0
5636,12,0
6277,12,0
5735,12,0
2828,12,0
5628,12,0
6478,12,0
2826,12,0
5719,12,0
5726,12,0
6273,12,0
6474,12,0
5688,12,0
6474,12,0
6456,12,0
6446,12,0
6087,12,0
6213,12,0
3644,12,0
6391,12,0
3629,12,0
6462,12,0
6336,12,0
6420,12,0
3164,12,0
6420,12,0
3166,12,0
6460,12,0
3161,12,0
3164,12,0
3161,12,0
3161,12,0
5962,12,0
6274,12,0
6265,12,0
6254,12,0
5888,12,0
3130,12,0
5844,12,0
5845,12,0
6195,12,0
5844,12,0
6194,12,0
6143,12,0
3264,12,0
6251,12,0
3261,12,0
3051,12,0
6128,12,0
3235,12,0
6431,12,0
3234,12,0
3046,12,0
6125,12,0
3012,12,0
3012,12,0
5778,12,0
4813,12,0
6733,12,0
6731,12,0
6731,12,0
5722,12,0
5722,12,0
5083,12,0
5093,12,0
5078,12,0
5016,12,0
5016,12,0
5013,12,0
5022,12,0
5105,12,0
5106,12,0
5322,12,0
4922,12,0
5494,12,0
4687,12,0
4991,12,0
5157,12,0
5044,12,0
4659,12,0
5203,12,0
5402,12,0
5190,12,0
5354,12,0
5337,12,0
5332,12,0
5330,12,0
5294,12,0
5109,12,0
5333,12,0
4487,12,0
5092,12,0
7726,12,0
5312,12,0
5090,12,0
8207,12,0
8171,12,0
8179,12,0
8091,12,0
4911,12,0
7982,12,0
7980,12,0
4909,12,0
7918,12,0
7978,12,0
7266,12,0
4860,12,0
7854,12,0
7192,12,0
4782,12,0
5259,12,0
6372,12,0
6404,12,0
6392,12,0
6348,12,0
6609,12,0
6392,12,0
6391,12,0
6349,12,0
7701,12,0
6389,12,0
7702,12,0
6345,12,0
6228,12,0
5859,12,0
5900,12,0
5856,12,0
5857,12,0
7209,12,0
5854,12,0
5854,12,0
8869,12,0
8788,12,0
7002,12,0
6997,12,0
8891,12,0
8608,12,0
8626,12,0
8638,12,0
6149,12,0
8407,12,0
8422,12,0
8706,12,0
8406,12,0
7772,12,0
6767,12,0
5704,12,0
10160,12,0
6752,12,0
10010,12,0
4267,12,0
4261,12,0
4267,12,0
4315,12,0
6548,12,0
6688,12,0
8265,12,0
4166,12,0
4203,12,0
4136,12,0
4444,12,0
4383,12,0
4513,12,0
5229,12,0
5229,12,0
4277,12,0
4266,12,0
4266,12,0
6167,12,0
4269,12,0
4266,12,0
4268,12,0
4271,12,0
6382,12,0
6158,12,0
6393,12,0
6157,12,0
6158,12,0
6130,12,0
6225,12,0
6154,12,0
6390,12,0
6185,12,0
6187,12,0
5926,12,0
5881,12,0
11807,12,0
11281,12,0
5952,12,0
11804,12,0
11281,12,0
5880,12,0
11710,12,0
11212,12,0
6091,12,0
11710,12,0
11722,12,0
11712,12,0
11725,12,0
6060,12,0
11158,12,0
11803,12,0
11673,12,0
11668,12,0
11192,12,0
6312,12,0
11143,12,0
11676,12,0
11680,12,0
11236,12,0
11706,12,0
7381,12,0
7025,12,0
10887,12,0
6854,12,0
11133,12,0
10691,12,0
10712,12,0
6708,12,0
6913,12,0
10654,12,0
11037,12,0
12535,12,0
10938,12,0
10572,12,0
11106,12,0
11180,12,0
11282,12,0
6694,12,0
11179,12,0
10541,12,0
11177,12,0
10572,12,0
11286,12,0
11109,12,0
11251,12,0
11249,12,0
11167,12,0
10545,12,0
8604,12,0
11269,12,0
10565,12,0
6674,12,0
11158,12,0
11260,12,0
10519,12,0
10536,12,0
11269,12,0
11068,12,0
11298,12,0
11266,12,0
10559,12,0
10558,12,0
10532,12,0
11256,12,0
11292,12,0
11263,12,0
10559,12,0
10557,12,0
11290,12,0
10559,12,0
10556,12,0
6793,12,0
11325,12,0
11325,12,0
6710,12,0
11325,12,0
11148,12,0
10590,12,0
11248,12,0
10554,12,0
11285,12,0
11286,12,0
6708,12,0
6705,12,0
11413,12,0
10527,12,0
11263,12,0
6726,12,0
6691,12,0
11291,12,0
6691,12,0
6690,12,0
10490,12,0
11224,12,0
11186,12,0
10489,12,0
11182,12,0
6686,12,0
11245,12,0
11156,12,0
6703,12,0
10215,12,0
6483,12,0
6411,12,0
11903,12,0
10029,12,0
6288,12,0
6312,12,0
10029,12,0
6246,12,0
10286,12,0
6242,12,0
11794,12,0
11752,12,0
10030,12,0
6124,12,0
9851,12,0
11711,12,0
9854,12,0
10409,12,0
11475,12,0
9775,12,0
5865,12,0
10316,12,0
10317,12,0
9699,12,0
5791,12,0
11376,12,0
9689,12,0
11394,12,0
7361,12,0
9756,12,0
7361,12,0
7361,12,0
9220,12,0
10704,12,0
10791,12,0
6768,12,0
6768,12,0
10722,12,0
10721,12,0
10790,12,0
6767,12,0
6728,12,0
9115,12,0
9083,12,0
9169,12,0
10902,12,0
6900,12,0
6687,12,0
8347,12,0
8427,12,0
8298,12,0
8242,12,0
8261,12,0
8216,12,0
8205,12,0
8414,12,0
8416,12,0
8418,12,0
8418,12,0
8415,12,0
8417,12,0
8411,12,0
8409,12,0
8400,12,0
8362,12,0
8354,12,0
9574,12,0
9496,12,0
9547,12,0
9417,12,0
9898,12,0
9959,12,0
9581,12,0
9457,12,0
9899,12,0
9590,12,0
9434,12,0
9958,12,0
9383,12,0
9753,12,0
9619,12,0
9958,12,0
9644,12,0
17807,12,0
9644,12,0
9429,12,0
17800,12,0
9575,12,0
9746,12,0
9953,12,0
9746,12,0
17571,12,0
14796,12,0
17557,12,0
9047,12,0
8737,12,0
14155,12,0
14137,12,0
16323,12,0
8312,12,0
13967,12,0
13980,12,0
15995,12,0
13926,12,0
8218,12,0
8227,12,0
13879,12,0
8184,12,0
8235,12,0
9645,12,0
9492,12,0
9493,12,0
9646,12,0
9490,12,0
9488,12,0
9643,12,0
9643,12,0
9419,12,0
9266,12,0
9257,12,0
9258,12,0
9411,12,0
9559,12,0
9411,12,0
9256,12,0
9290,12,0
9259,12,0
9192,12,0
9334,12,0
9336,12,0
9188,12,0
15072,12,0
18537,12,0
9165,12,0
9164,12,0
18533,12,0
9296,12,0
9148,12,0
9298,12,0
18471,12,0
9160,12,0
9368,12,0
9157,12,0
9368,12,0
18469,12,0
9368,12,0
18529,12,0
18465,12,0
15054,12,0
9305,12,0
18404,12,0
18841,12,0
9306,12,0
14639,12,0
18877,12,0
14998,12,0
9349,12,0
9372,12,0
18834,12,0
9302,12,0
18464,12,0
9300,12,0
18402,12,0
18964,12,0
18399,12,0
18834,12,0
18830,12,0
15336,12,0
18395,12,0
18826,12,0
9309,12,0
14986,12,0
18925,12,0
15334,12,0
9360,12,0
18924,12,0
9335,12,0
18923,12,0
9334,12,0
9335,12,0
18672,12,0
18763,12,0
18720,12,0
15092,12,0
15094,12,0
15094,12,0
18625,12,0
18585,12,0
18515,12,0
12485,12,0
18475,12,0
18473,12,0
9838,12,0
14889,12,0
9108,12,0
14832,12,0
14400,12,0
12177,12,0
18539,12,0
18068,12,0
17991,12,0
14462,12,0
18020,12,0
18068,12,0
18019,12,0
18066,12,0
14392,12,0
9350,0,2
17887,12,0
14843,12,0
14394,12,0
17974,12,0
14381,12,0
17981,12,0
18026,12,0
14317,12,0
17942,12,0
17895,12,0
17896,12,0
17895,12,0
17901,12,0
17901,12,0
17763,12,0
12103,12,0
12104,12,0
12103,12,0
12101,12,0
12102,12,0
23979,12,0
12100,12,0
12044,12,0
11909,12,0
10754,12,0
23892,12,0
11609,12,0
17165,12,0
17167,12,0
12019,12,0
23909,12,0
12022,12,0
23869,12,0
23166,12,0
23177,12,0
22998,12,0
15985,12,0
22695,12,0
22707,12,0
22693,12,0
10349,12,0
10349,12,0
22221,12,0
15491,12,0
10345,12,0
15454,12,0
22183,12,0
15452,12,0
22197,12,0
10133,12,0
11130,12,0
10643,12,0
11283,12,0
11676,12,0
13045,12,0
11653,12,0
11259,12,0
11259,12,0
11995,12,0
11027,12,0
10981,12,0
11225,12,0
13000,12,0
29756,12,0
24410,12,0
24409,12,0
12959,12,0
33927,12,0
12944,12,0
33917,12,0
12944,12,0
29723,12,0
26057,12,0
30581,12,0
33890,12,0
30719,12,0
26053,12,0
30582,12,0
24984,12,0
30540,12,0
24565,12,0
30545,12,0
25039,12,0
30743,12,0
30522,12,0
33862,12,0
30545,12,0
30543,12,0
33852,12,0
30720,12,0
30511,12,0
30358,12,0
33668,12,0
25824,12,0
33668,12,0
30451,12,0
33588,12,0
33585,12,0
33555,12,0
33525,12,0
33519,12,0
33525,12,0
33533,12,0
25679,12,0
33535,12,0
25908,12,0
33526,12,0
33515,12,0
33531,12,0
25676,12,0
33514,12,0
25676,12,0
25834,12,0
33522,12,0
25676,12,0
25674,12,0
33517,12,0
33516,12,0
25898,12,0
33513,12,0
33517,12,0
33512,12,0
25820,12,0
33509,12,0
33477,12,0
33472,12,0
25668,12,0
33398,12,0
25704,12,0
25732,12,0
33392,12,0
33375,12,0
33323,12,0
33314,12,0
25696,12,0
33320,12,0
33312,12,0
25765,12,0
33322,12,0
33307,12,0
33314,12,0
25802,12,0
33310,12,0
33310,12,0
33310,12,0
33312,12,0
33307,12,0
33299,12,0
33300,12,0
25672,12,0
25789,12,0
33299,12,0
25821,12,0
25779,12,0
25778,12,0
33290,12,0
17813,12,0
41579,12,0
17710,12,0
17710,12,0
41982,12,0
41982,12,0
17808,12,0
43208,12,0
43208,12,0
41569,12,0
38881,12,0
41570,12,0
38880,12,0
37501,12,0
37502,12,0
41567,12,0
36667,12,0
41567,12,0
37499,12,0
43205,12,0
37500,12,0
41564,12,0
36665,12,0
41564,12,0
43203,12,0
36041,12,0
30129,12,0
41552,12,0
36653,12,0
36031,12,0
36029,12,0
36029,12,0
36027,12,0
36032,12,0
36028,12,0
30117,12,0
36026,12,0
30115,12,0
36029,12,0
36026,12,0
30116,12,0
36029,12,0
30088,12,0
36028,12,0
37483,12,0
30194,12,0
30112,12,0
30103,12,0
30103,12,0
36013,12,0
36012,12,0
36012,12,0
36013,12,0
36014,12,0
35991,12,0
35990,12,0
30022,12,0
35992,12,0
35993,12,0
35982,12,0
35981,12,0
35984,12,0
35981,12,0
35957,12,0
35960,12,0
29849,12,0
35955,12,0
35954,12,0
29985,12,0
35949,12,0
18308,12,0
35916,12,0
35916,12,0
35912,12,0
29811,12,0
29810,12,0
35912,12,0
35910,12,0
35891,12,0
35886,12,0
29746,12,0
35821,12,0
18217,12,0
18217,12,0
35820,12,0
29674,12,0
28829,12,0
35798,12,0
34876,12,0
34873,12,0
23759,12,0
29664,12,0
28853,12,0
34871,12,0
18115,12,0
34872,12,0
34852,12,0
34852,12,0
34865,12,0
28815,12,0
35798,12,0
18113,12,0
23198,12,0
34822,12,0
28653,12,0
34748,12,0
28713,12,0
34674,12,0
34621,12,0
33877,12,0
33353,12,0
33775,12,0
27851,12,0
33774,12,0
16678,12,0
16678,12,0
16542,12,0
33545,12,0
33571,12,0
16586,12,0
27666,12,0
33551,12,0
33616,12,0
16603,12,0
27613,12,0
16446,12,0
16491,12,0
16535,12,0
16557,12,0
16439,12,0
16393,12,0
33398,12,0
16373,12,0
21344,12,0
21538,12,0
1597,12,0
35972,12,0
35964,12,0
4906,12,0
6516,12,0
2012,12,0
35906,12,0
26599,12,0
2114,12,0
4355,12,0
26599,12,0
26599,12,0
26506,12,0
26661,12,0
26508,12,0
26505,12,0
26506,12,0
26734,12,0
26596,12,0
2112,12,0
4752,12,0
26504,12,0
72418,0,1
72320,0,1
56749,12,0
4364,12,0
2108,12,0
72481,0,1
72583,0,1
2104,12,0
56747,12,0
56811,12,0
56800,12,0
2105,12,0
4347,12,0
3009,12,0
56746,12,0
72477,0,1
2376,12,0
26652,12,0
56629,12,0
3807,12,0
72542,0,1
2103,12,0
26650,12,0
4341,12,0
56645,12,0
4289,12,0
56755,12,0
56804,12,0
56802,12,0
56717,12,0
72406,0,1
72661,0,1
72471,0,1
56557,12,0
3801,12,0
56737,12,0
56556,12,0
56823,12,0
2364,12,0
72346,0,1
2092,12,0
72615,0,1
56786,12,0
27176,12,0
27177,12,0
27179,12,0
56549,12,0
56785,12,0
2089,12,0
26955,12,0
56568,12,0
27175,12,0
56547,12,0
3639,12,0
2116,12,0
56794,12,0
4328,12,0
56779,12,0
75663,0,1
27171,12,0
56789,12,0
5258,12,0
75660,0,1
75664,0,1
56777,12,0
56778,12,0
56634,12,0
2985,12,0
27170,12,0
56575,12,0
3743,12,0
2351,12,0
56603,12,0
27168,12,0
26946,12,0
27160,12,0
2971,12,0
5249,12,0
75652,0,1
26938,12,0
27163,12,0
56763,12,0
3656,12,0
56709,12,0
27157,12,0
3729,12,0
56760,12,0
56716,12,0
5240,12,0
5190,12,0
56760,12,0
56779,12,0
56623,12,0
2962,12,0
5189,12,0
56636,12,0
27155,12,0
56712,12,0
27151,12,0
56702,12,0
3613,12,0
56598,12,0
3761,12,0
56614,12,0
56747,12,0
2952,12,0
27147,12,0
56746,12,0
2940,12,0
56574,12,0
56756,12,0
3693,12,0
56601,12,0
56560,12,0
56743,12,0
56752,12,0
5223,12,0
56564,12,0
2935,12,0
5219,12,0
56740,12,0
56761,12,0
5221,12,0
56740,12,0
56596,12,0
2931,12,0
2927,12,0
56733,12,0
56596,12,0
5160,12,0
56550,12,0
5212,12,0
56501,12,0
56684,12,0
56580,12,0
56744,12,0
2912,12,0
56632,12,0
56490,12,0
56681,12,0
2863,12,0
3075,12,0
6229,0,1
3065,12,0
6100,0,1
2838,12,0
6093,0,1
2828,12,0
6080,0,1
6196,0,1
552,12,0
6124,0,1
6093,0,1
541,12,0
21197,12,0
529,12,0
607,12,0
20896,12,0
20993,12,0
6057,0,1
21175,12,0
20874,12,0
50306,12,0
20940,12,0
21043,12,0
20916,12,0
20849,12,0
50288,12,0
21146,12,0
20845,12,0
20941,12,0
50300,12,0
50300,12,0
539,12,0
50296,12,0
21137,12,0
21176,12,0
50282,12,0
50233,12,0
50272,12,0
50271,12,0
50216,12,0
50310,12,0
50237,12,0
50303,12,0
50230,12,0
50201,12,0
50213,12,0
519,12,0
50301,12,0
50235,12,0
522,12,0
50268,12,0
50208,12,0
41323,12,0
50265,12,0
50299,12,0
50265,12,0
50263,12,0
41427,12,0
50186,12,0
69955,0,1
50279,12,0
50262,12,0
41425,12,0
50184,12,0
501,12,0
50198,12,0
50198,12,0
69809,0,1
69932,0,1
496,12,0
69894,0,1
21399,12,0
69973,0,1
69875,0,1
41378,12,0
69799,0,1
41091,12,0
41549,12,0
21216,12,0
39816,12,0
41299,12,0
528,12,0
69675,0,1
41279,12,0
69647,0,1
41474,12,0
504,12,0
21258,12,0
69746,0,1
50094,12,0
69827,0,1
41232,12,0
69829,0,1
40964,12,0
69799,0,1
69788,0,1
40931,12,0
511,12,0
21206,12,0
69765,0,1
40931,12,0
69756,0,1
544,12,0
40927,12,0
21183,12,0
40929,12,0
21205,12,0
69763,0,1
21202,12,0
40930,12,0
21073,12,0
69728,0,1
69771,0,1
37445,12,0
69704,0,1
40927,12,0
21070,12,0
21194,12,0
40920,12,0
40915,12,0
501,12,0
69734,0,1
69727,0,1
40903,12,0
37474,12,0
501,12,0
40900,12,0
21237,12,0
21172,12,0
40896,12,0
21038,12,0
40893,12,0
40896,12,0
69720,0,1
21232,12,0
40892,12,0
40887,12,0
500,12,0
40886,12,0
21227,12,0
37457,12,0
33783,12,0
37457,12,0
40882,12,0
40872,12,0
69781,0,1
69764,0,1
69719,0,1
75113,0,1
69745,0,1
21138,12,0
69753,0,1
69743,0,1
40857,12,0
3317,0,1
482,12,0
69739,0,1
75092,0,1
56169,12,0
3349,0,1
56155,12,0
520,12,0
3318,0,1
56152,12,0
75081,0,1
56147,12,0
55996,12,0
75085,0,1
3284,0,1
75065,0,1
75065,0,1
55952,12,0
56077,12,0
3250,0,1
3290,0,1
500,12,0
493,12,0
55946,12,0
3344,0,1
75057,0,1
3283,0,1
3317,0,1
3228,0,1
3226,0,1
3227,0,1
3347,0,1
3409,0,1
3306,0,1
538,12,0
7745,12,0
80102,0,1
6309,12,0
10978,12,0
39517,12,0
4120,12,0
31298,12,0
80104,0,1
39515,12,0
5643,12,0
41229,12,0
4036,12,0
7743,12,0
80071,0,1
31261,12,0
31260,12,0
511,12,0
58794,12,0
524,12,0
58782,12,0
58780,12,0
58778,12,0
448,12,0
79898,0,1
79831,0,1
1013,12,0
79794,0,1
25395,12,0
25397,12,0
25387,12,0
55636,12,0
74518,0,1
1205,12,0
55315,12,0
4943,0,1
1648,12,0
79482,0,1
5664,12,0
1978,12,0
40316,12,0
1986,12,0
1986,12,0
38610,12,0
38610,12,0
10200,12,0
40093,12,0
10197,12,0
79025,0,1
3008,12,0
30146,12,0
3066,12,0
39940,12,0
9916,12,0
3006,12,0
79016,0,1
39940,12,0
3049,12,0
2992,12,0
39928,12,0
79019,0,1
79025,0,1
2968,12,0
30123,12,0
57669,12,0
2844,12,0
30090,12,0
57666,12,0
2801,12,0
2768,12,0
57611,12,0
57590,12,0
9678,12,0
2724,12,0
57590,12,0
57589,12,0
3244,12,0
2680,12,0
2681,12,0
78815,0,1
30074,12,0
6426,12,0
78795,0,1
78792,0,1
4289,12,0
2643,12,0
2241,12,0
78799,0,1
78777,0,1
2640,12,0
78787,0,1
6408,12,0
2160,12,0
2910,12,0
4443,0,1
54455,12,0
2852,12,0
4401,0,1
56635,12,0
29043,12,0
2292,12,0
8705,12,0
38965,12,0
2288,12,0
77850,0,1
2288,12,0
38743,12,0
8698,12,0
77844,0,1
3388,12,0
29034,12,0
56604,12,0
8689,12,0
2266,12,0
77675,0,1
3174,12,0
5379,12,0
77378,0,1
77315,0,1
2586,12,0
77303,0,1
2775,12,0
2695,12,0
77294,0,1
2775,12,0
77308,0,1
2591,12,0
2572,12,0
77284,0,1
8199,12,0
77285,0,1
77282,0,1
77279,0,1
2740,12,0
2659,12,0
8204,12,0
5319,12,0
59042,12,0
3438,12,0
77253,0,1
59027,12,0
59026,12,0
2480,12,0
2721,12,0
32110,12,0
2714,12,0
32135,12,0
2492,12,0
2596,12,0
5126,12,0
28126,12,0
2665,12,0
3346,12,0
28085,12,0
28086,12,0
5193,12,0
38212,12,0
5152,12,0
36443,12,0
2450,12,0
76888,0,1
36313,12,0
2451,12,0
7769,12,0
3597,12,0
36293,12,0
37777,12,0
7733,12,0
76836,0,1
7684,12,0
7676,12,0
76806,0,1
4405,12,0
2910,12,0
7419,12,0
2099,12,0
76541,0,1
76548,0,1
4126,12,0
2630,12,0
7367,12,0
76543,0,1
7028,12,0
76162,0,1
7046,12,0
57938,12,0
76158,0,1
7095,12,0
7093,12,0
7049,12,0
76157,0,1
57896,12,0
57894,12,0
6999,12,0
7038,12,0
6911,12,0
57881,12,0
31115,12,0
6982,12,0
26925,12,0
26990,12,0
75624,0,1
54384,12,0
3284,12,0
54382,12,0
3282,12,0
54330,12,0
26756,12,0
3193,12,0
3192,12,0
26754,12,0
3231,12,0
54329,12,0
3312,12,0
3232,12,0
26856,12,0
3231,12,0
54329,12,0
2952,12,0
75327,0,1
2991,12,0
75066,0,1
2904,12,0
25882,12,0
2912,12,0
25881,12,0
25571,12,0
2986,12,0
25878,12,0
2911,12,0
2912,12,0
25877,12,0
25875,12,0
2981,12,0
25875,12,0
35770,12,0
2952,12,0
25847,12,0
2880,12,0
2952,12,0
25846,12,0
2935,12,0
25701,12,0
3213,12,0
34079,12,0
3255,12,0
3197,12,0
3131,12,0
74571,0,1
74565,0,1
35717,12,0
2812,12,0
74552,0,1
25747,12,0
35446,12,0
3054,12,0
33922,12,0
3012,12,0
53241,12,0
3012,12,0
53251,12,0
2713,12,0
25661,12,0
3053,12,0
2992,12,0
53224,12,0
53218,12,0
25645,12,0
3047,12,0
2963,12,0
25747,12,0
25746,12,0
3045,12,0
74108,0,1
2621,12,0
55708,12,0
2919,12,0
2919,12,0
28712,12,0
2864,12,0
28710,12,0
28428,12,0
28237,12,0
2633,12,0
2310,12,0
2281,12,0
28067,12,0
28048,12,0
39466,12,0
2008,12,0
1966,12,0
27951,12,0
1966,12,0
33463,12,0
1965,12,0
33462,12,0
2332,12,0
39463,12,0
2332,12,0
28045,12,0
2332,12,0
28042,12,0
2334,12,0
2268,12,0
2270,12,0
2155,12,0
39052,12,0
1922,12,0
39088,12,0
1924,12,0
2085,12,0
2354,12,0
33022,12,0
2354,12,0
27594,12,0
2353,12,0
2221,12,0
39012,12,0
39011,12,0
39052,12,0
2351,12,0
2350,12,0
39001,12,0
2273,12,0
2271,12,0
2253,12,0
38759,12,0
38791,12,0
38758,12,0
2336,12,0
2336,12,0
2197,12,0
38729,12,0
38683,12,0
38640,12,0
2486,12,0
38675,12,0
38690,12,0
2435,12,0
38601,12,0
2435,12,0
2413,12,0
38597,12,0
38597,12,0
2411,12,0
38599,12,0
2438,12,0
2438,12,0
2214,12,0
38424,12,0
2214,12,0
2169,12,0
27963,12,0
2144,12,0
2144,12,0
38179,12,0
38207,12,0
2218,12,0
2159,12,0
2170,12,0
2160,12,0
27978,12,0
27940,12,0
2096,12,0
27422,12,0
27459,12,0
27422,12,0
27385,12,0
27496,12,0
27496,12,0
27316,12,0
1736,12,0
1647,12,0
27034,12,0
1740,12,0
26988,12,0
1719,12,0
1694,12,0
27127,12,0
53415,12,0
1692,12,0
26948,12,0
1753,12,0
1539,12,0
53261,12,0
1655,12,0
1657,12,0
53259,12,0
1649,12,0
39814,12,0
1636,12,0
1637,12,0
52945,12,0
39711,12,0
1636,12,0
26655,12,0
1634,12,0
52943,12,0
26908,12,0
1400,12,0
1837,12,0
1402,12,0
26819,12,0
26737,12,0
1495,12,0
1401,12,0
26858,12,0
26735,12,0
26735,12,0
1401,12,0
1383,12,0
1820,12,0
26734,12,0
26855,12,0
26795,12,0
1758,12,0
1763,12,0
1760,12,0
33196,12,0
1889,12,0
1861,12,0
26563,12,0
33137,12,0
26542,12,0
1710,12,0
1711,12,0
26444,12,0
26411,12,0
26411,12,0
26424,12,0
1682,12,0
26383,12,0
2114,12,0
33011,12,0
33013,12,0
1706,12,0
32997,12,0
32978,12,0
32978,12,0
1643,12,0
1688,12,0
32962,12,0
1686,12,0
29961,12,0
26467,12,0
29952,12,0
1633,12,0
2067,12,0
3481,12,0
29931,12,0
29894,12,0
3420,12,0
1578,12,0
29886,12,0
29870,12,0
1596,12,0
3389,12,0
3390,12,0
22643,12,0
29867,12,0
3389,12,0
3386,12,0
29860,12,0
1546,12,0
29871,12,0
1971,12,0
29840,12,0
3374,12,0
3374,12,0
2032,12,0
29826,12,0
29834,12,0
2191,12,0
2192,12,0
41855,12,0
2001,12,0
29823,12,0
2185,12,0
41853,12,0
3652,12,0
41838,12,0
29820,12,0
2000,12,0
41838,12,0
2173,12,0
2112,12,0
41772,12,0
2098,12,0
29760,12,0
2098,12,0
3553,12,0
54426,12,0
2063,12,0
2061,12,0
54425,12,0
41727,12,0
2060,12,0
2374,12,0
32480,12,0
2781,12,0
32442,12,0
2350,12,0
32417,12,0
2595,12,0
3175,12,0
32366,12,0
2649,12,0
2556,12,0
2571,12,0
32065,12,0
56224,12,0
2555,12,0
56222,12,0
2550,12,0
2552,12,0
56204,12,0
56115,12,0
2289,12,0
55785,12,0
2440,12,0
55785,12,0
2437,12,0
55494,12,0
55495,12,0
2203,12,0
55495,12,0
2234,12,0
2213,12,0
2204,12,0
55492,12,0
55468,12,0
2187,12,0
2167,12,0
55445,12,0
2189,12,0
55061,12,0
1844,12,0
55059,12,0
1836,12,0
1782,12,0
54994,12,0
1613,12,0
1652,12,0
52635,12,0
52637,12,0
1609,12,0
1647,12,0
52632,12,0
52609,12,0
1608,12,0
54821,12,0
52054,12,0
1263,12,0
51737,12,0
51650,12,0
959,12,0
51476,12,0
51478,12,0
756,12,0
51462,12,0
767,12,0
51441,12,0
51463,12,0
766,12,0
763,12,0
776,12,0
51458,12,0
51464,12,0
51442,12,0
723,12,0
51153,12,0
908,12,0
51135,12,0
889,12,0
887,12,0
24412,12,0
861,12,0
852,12,0
731,12,0
733,12,0
920,12,0
24381,12,0
876,12,0
788,12,0
24334,12,0
24336,12,0
24371,12,0
749,12,0
836,12,0
24296,12,0
24170,12,0
658,12,0
24067,12,0
24063,12,0
24058,12,0
664,12,0
645,12,0
836,12,0
809,12,0
23920,12,0
943,12,0
803,12,0
23816,12,0
23815,12,0
23865,12,0
803,12,0
23771,12,0
784,12,0
23821,12,0
732,12,0
840,12,0
805,12,0
23743,12,0
802,12,0
801,12,0
23655,12,0
52457,12,0
920,12,0
911,12,0
52426,12,0
901,12,0
52427,12,0
52425,12,0
953,12,0
52339,12,0
927,12,0
832,12,0
23469,12,0
23485,12,0
716,12,0
52087,12,0
23626,12,0
731,12,0
23625,12,0
654,12,0
653,12,0
23471,12,0
23471,12,0
23444,12,0
23486,12,0
464,12,0
23347,12,0
23333,12,0
461,12,0
23333,12,0
470,12,0
449,12,0
471,12,0
451,12,0
23053,12,0
23079,12,0
23046,12,0
465,12,0
22976,12,0
22975,12,0
436,12,0
22933,12,0
22766,12,0
26880,12,0
26894,12,0
26798,12,0
26761,12,0
26655,12,0
430,12,0
430,12,0
435,12,0
26660,12,0
26703,12,0
26670,12,0
446,12,0
424,12,0
26703,12,0
450,12,0
26702,12,0
26596,12,0
440,12,0
26219,12,0
445,12,0
26289,12,0
439,12,0
432,12,0
26239,12,0
423,12,0
431,12,0
430,12,0
25835,12,0
462,12,0
25414,12,0
25408,12,0
433,12,0
454,12,0
24432,12,0
468,12,0
458,12,0
20388,12,0
20388,12,0
459,12,0
20319,12,0
469,12,0
20291,12,0
455,12,0
490,12,0
20192,12,0
482,12,0
481,12,0
489,12,0
497,12,0
458,12,0
463,12,0
469,12,0
468,12,0
19870,12,0
533,12,0
538,12,0
538,12,0
516,12,0
495,12,0
683,12,0
483,12,0
19750,12,0
670,12,0
664,12,0
28744,12,0
663,12,0
661,12,0
19729,12,0
661,12,0
636,12,0
726,12,0
601,12,0
595,12,0
690,12,0
784,12,0
672,12,0
739,12,0
654,12,0
932,12,0
868,12,0
25547,12,0
812,12,0
667,12,0
868,12,0
854,12,0
858,12,0
815,12,0
1227,12,0
1083,12,0
769,12,0
1004,12,0
19069,12,0
1153,12,0
25134,12,0
1153,12,0
1153,12,0
1151,12,0
1141,12,0
1166,12,0
1165,12,0
27990,12,0
1027,12,0
1073,12,0
1024,12,0
960,12,0
940,12,0
969,12,0
934,12,0
929,12,0
1113,12,0
18629,12,0
1004,12,0
972,12,0
925,12,0
18721,12,0
902,12,0
24543,12,0
18213,12,0
824,12,0
27118,12,0
968,12,0
960,12,0
26999,12,0
1057,12,0
1057,12,0
17917,12,0
944,12,0
1042,12,0
942,12,0
942,12,0
18139,12,0
17855,12,0
1044,12,0
1042,12,0
1006,12,0
1003,12,0
1002,12,0
1003,12,0
1000,12,0
1012,12,0
1011,12,0
17812,12,0
962,12,0
1015,12,0
26715,12,0
1362,12,0
1361,12,0
1331,12,0
17585,12,0
1289,12,0
1290,12,0
1291,12,0
17579,12,0
1269,12,0
1269,12,0
1243,12,0
1297,12,0
17508,12,0
1175,12,0
1175,12,0
1228,12,0
17469,12,0
1190,12,0
1098,12,0
1417,12,0
1416,12,0
1416,12,0
1600,12,0
1582,12,0
1341,12,0
1340,12,0
1318,12,0
1328,12,0
1499,12,0
1458,12,0
1462,12,0
1847,12,0
1462,12,0
1461,12,0
1845,12,0
1521,12,0
1750,12,0
1741,12,0
1695,12,0
1590,12,0
1592,12,0
1592,12,0
1582,12,0
1692,12,0
1580,12,0
1587,12,0
1589,12,0
1587,12,0
1590,12,0
1589,12,0
1943,12,0
1943,12,0
1964,12,0
1713,12,0
1582,12,0
1624,12,0
1941,12,0
1690,12,0
1559,12,0
1937,12,0
1545,12,0
1757,12,0
1754,12,0
1651,12,0
1821,12,0
1750,12,0
1375,12,0
1681,12,0
1764,12,0
1686,12,0
1714,12,0
2676,12,0
1714,12,0
1683,12,0
1684,12,0
1682,12,0
1712,12,0
1678,12,0
1680,12,0
4032,12,0
1623,12,0
2594,12,0
2587,12,0
2585,12,0
2522,12,0
4157,12,0
2530,12,0
2821,12,0
4215,12,0
2808,12,0
2754,12,0
2786,12,0
2754,12,0
2799,12,0
2751,12,0
2784,12,0
4126,12,0
2783,12,0
2695,12,0
3874,12,0
3596,12,0
3952,12,0
3952,12,0
3259,12,0
3314,12,0
3295,12,0
3316,12,0
3315,12,0
3312,12,0
3311,12,0
3314,12,0
3311,12,0
3859,12,0
3252,12,0
3290,12,0
3827,12,0
3878,12,0
3304,12,0
3279,12,0
3279,12,0
3272,12,0
3227,12,0
3726,12,0
3725,12,0
3737,12,0
3679,12,0
3718,12,0
3677,12,0
3650,12,0
3540,12,0
3542,12,0
3485,12,0
3476,12,0
3141,12,0
3412,12,0
3378,12,0
